0 0.39143402749769224 0.32488597711812006 0.009963768115942028 0.01375
0 0.4851613405573034 0.32465561224489803 0.010869565217391304 0.015
0 0.5530731561399266 0.3537349257884972 0.010869565217391304 0.015
0 0.7297775335430617 0.48801290970933836 0.009963768115942028 0.01375
0 0.7731135108852503 0.5392636827458257 0.009963768115942028 0.01375
0 0.7179304692891652 0.724792439703154 0.009963768115942028 0.01375
0 0.6867278037697294 0.7200885126777985 0.009963768115942028 0.01375
0 0.7145218265171682 0.8268332560296845 0.009963768115942028 0.01375
0 0.2809968025418337 0.7705167748917748 0.010869565217391304 0.015
0 0.379110257409947 0.9303544372294371 0.009963768115942028 0.01375
0 0.687037578536026 0.9180515615337044 0.009963768115942028 0.01375
0 0.6241079270970578 0.7547599721706866 0.009963768115942028 0.01375
0 0.22109431717350983 0.8129185992578849 0.009963768115942028 0.01375
