0 0.7693710059781489 0.5970605287569574 0.010869565217391304 0.015
0 0.7976893491256847 0.6619955936920223 0.009963768115942028 0.01375
0 0.623511904761905 0.434492501546073 0.009963768115942028 0.01375
0 0.5830126352253683 0.4610718150896723 0.010869565217391304 0.015
0 0.5216083304204424 0.27768127705627704 0.009963768115942028 0.01375
0 0.5281158411981396 0.10202110389610397 0.009963768115942028 0.01375
0 0.37372308936749943 0.09024466604823758 0.009963768115942028 0.01375
0 0.32106698081076973 0.10915932282003724 0.009963768115942028 0.01375
0 0.21570714913106226 0.3250173933209648 0.010869565217391304 0.015
0 0.3439505413496098 0.4782432745825604 0.009963768115942028 0.01375
0 0.36476034748550284 0.518868661100804 0.010869565217391304 0.015
0 0.38647595072284524 0.5024540043290043 0.009963768115942028 0.01375
0 0.39570085280489015 0.4522561069882499 0.009963768115942028 0.01375
0 0.4358186456400744 0.726042439703154 0.009963768115942028 0.01375
0 0.37937241760999535 0.7859775046382188 0.009963768115942028 0.01375
0 0.2771590685022363 0.8336096938775509 0.009963768115942028 0.01375
0 0.35920624837550313 0.939696583178726 0.009963768115942028 0.01375
0 0.4358186456400744 0.8443664965986395 0.010869565217391304 0.015
0 0.4532674235702187 0.8184450371057514 0.009963768115942028 0.01375
