0 0.4268559037580778 0.2349833797155226 0.009963768115942028 0.01375
0 0.4732190471709107 0.3021223716759431 0.009963768115942028 0.01375
0 0.6173617833167524 0.22297657699443418 0.009963768115942028 0.01375
0 0.6309252126410514 0.30080666357452074 0.009963768115942028 0.01375
0 0.6647976548985868 0.3023527365491651 0.010869565217391304 0.015
0 0.7284426451740117 0.2536019635126779 0.009963768115942028 0.01375
0 0.7411955065293576 0.43472286641929503 0.009963768115942028 0.01375
0 0.7010777136941734 0.4520914502164503 0.009963768115942028 0.01375
0 0.7840783052351377 0.4632757421150279 0.010869565217391304 0.015
0 0.7732087400177464 0.45952574211502795 0.009963768115942028 0.01375
0 0.8119916444838807 0.6429162801484231 0.010869565217391304 0.015
0 0.8496065916485172 0.6487387909709338 0.009963768115942028 0.01375
0 0.8689145783478084 0.646896645021645 0.010869565217391304 0.015
0 0.7797162507954435 0.7361413883735313 0.009963768115942028 0.01375
0 0.8108713017486311 0.7912735776128633 0.009963768115942028 0.01375
0 0.4970084048112 0.7343649505256648 0.010869565217391304 0.015
0 0.4671406276608141 0.6979170531849104 0.009963768115942028 0.01375
0 0.47972655794860775 0.5568626314162028 0.010869565217391304 0.015
0 0.49674624461115163 0.58196158008658 0.009963768115942028 0.01375
0 0.9155398819606896 0.603244820655535 0.009963768115942028 0.01375
0 0.9726773614584177 0.7056474180581325 0.009963768115942028 0.01375
0 0.9358729822627341 0.7894314316635745 0.010869565217391304 0.015
