0 0.7369762957884077 0.16445616883116884 0.009963768115942028 0.01375
0 0.6903509921755265 0.15452187693259134 0.010869565217391304 0.015
0 0.8985201952981458 0.31406346629560916 0.010869565217391304 0.015
0 0.8841702853737017 0.21827264996907858 0.010869565217391304 0.015
0 0.7719214662149446 0.536829390847248 0.009963768115942028 0.01375
0 0.8088927764781804 0.6705484693877551 0.009963768115942028 0.01375
0 0.675738922051034 0.771174628942486 0.009963768115942028 0.01375
0 0.6451081914979433 0.7965039424860854 0.009963768115942028 0.01375
0 0.715689783818666 0.969368042671614 0.009963768115942028 0.01375
0 0.4651621023903633 0.7937078695114408 0.010869565217391304 0.015
0 0.43822626217812566 0.8364057668521955 0.010869565217391304 0.015
0 0.3760113894042466 0.7712403370439085 0.009963768115942028 0.01375
0 0.445591955491024 0.7022591991341991 0.009963768115942028 0.01375
0 0.593524811110215 0.6728838126159554 0.010869565217391304 0.015
0 0.6121891609081052 0.6601534477427334 0.009963768115942028 0.01375
0 0.6358832894158983 0.3988014069264069 0.009963768115942028 0.01375
0 0.574264438977172 0.4511375231910947 0.009963768115942028 0.01375
0 0.5310477781362876 0.2730430581323439 0.009963768115942028 0.01375
0 0.4875213425291067 0.41028177179962894 0.009963768115942028 0.01375
0 0.44718900406012224 0.3994592609771182 0.009963768115942028 0.01375
0 0.40061131501348907 0.41985428262213986 0.010869565217391304 0.015
0 0.3966066499063394 0.48919720160791597 0.009963768115942028 0.01375
0 0.36497489311930315 0.5098225881261595 0.009963768115942028 0.01375
0 0.33942155584236344 0.4610718150896723 0.009963768115942028 0.01375
0 0.2244553453792585 0.7303188775510204 0.009963768115942028 0.01375
0 0.2594957449382916 0.7350228045763759 0.010869565217391304 0.015
0 0.27651543160083536 0.8172607452071737 0.009963768115942028 0.01375
0 0.37281729226605015 0.9186437074829931 0.009963768115942028 0.01375
0 0.5366018772462874 0.0794221552257268 0.009963768115942028 0.01375
0 0.5019188670197989 0.07514571737786029 0.010869565217391304 0.015
0 0.49014350470095835 0.07389571737786028 0.009963768115942028 0.01375
0 0.3958677838724423 0.0716260822510823 0.009963768115942028 0.01375
0 0.3127954903964221 0.10004754174397036 0.010869565217391304 0.015
0 0.22140409193980629 0.2983723716759431 0.010869565217391304 0.015
