0 0.5512139473707798 0.10142895794681522 0.010869565217391304 0.015
0 0.5463034851621809 0.05527713358070514 0.009963768115942028 0.01375
0 0.6809591590259294 0.07175749845392715 0.010869565217391304 0.015
0 0.6031788044598606 0.1395543444650589 0.009963768115942028 0.01375
0 0.6732836909467346 0.27731949598021033 0.010869565217391304 0.015
0 0.7091346584747207 0.5272568800247371 0.009963768115942028 0.01375
0 0.6646307238310346 0.5391979746444032 0.009963768115942028 0.01375
0 0.5393192685506353 0.5213029529993816 0.010869565217391304 0.015
0 0.54699473662983 0.4442953772418059 0.009963768115942028 0.01375
0 0.5531924726412306 0.3493270717377861 0.010869565217391304 0.015
0 0.5640144232923737 0.29123415275201 0.009963768115942028 0.01375
0 0.42728499502567835 0.3485045609152752 0.009963768115942028 0.01375
0 0.3403273529438127 0.3875181663574521 0.010869565217391304 0.015
0 0.24221389807569946 0.4427493042671614 0.010869565217391304 0.015
0 0.24621856318284902 0.5940997990105132 0.009963768115942028 0.01375
0 0.38738174782429446 0.7025552721088435 0.009963768115942028 0.01375
0 0.30814718838787175 0.7601217532467532 0.010869565217391304 0.015
0 0.6805300677583288 0.9297622912801483 0.010869565217391304 0.015
