0 0.8108713017486311 0.3468270717377861 0.010869565217391304 0.015
0 0.8124207357514812 0.30544488249845403 0.009963768115942028 0.01375
0 0.7287048053740602 0.34314277983920843 0.010869565217391304 0.015
0 0.7286095762415639 0.4504796691403834 0.009963768115942028 0.01375
0 0.8198816581968759 0.53830975572047 0.009963768115942028 0.01375
0 0.9694832643202211 0.33238597711812007 0.010869565217391304 0.015
0 0.9424281076066792 0.34416241496598643 0.010869565217391304 0.015
0 0.7968311665904836 0.5708429962894249 0.009963768115942028 0.01375
0 0.7728272633163938 0.6047908936301793 0.010869565217391304 0.015
0 0.8138032386867793 0.6103830395794682 0.009963768115942028 0.01375
0 0.7884644470436397 0.6734102504638219 0.009963768115942028 0.01375
0 0.7979038947594851 0.6363702071737786 0.010869565217391304 0.015
0 0.8330636108198223 0.6221594774273346 0.009963768115942028 0.01375
0 0.7277037791401146 0.6873249072356216 0.010869565217391304 0.015
0 0.7261543451372646 0.7216345856524427 0.009963768115942028 0.01375
0 0.7345210646841083 0.7445953153988867 0.009963768115942028 0.01375
0 0.7586918990257502 0.8262411100803958 0.009963768115942028 0.01375
0 0.6699226627409859 0.8559125695732839 0.010869565217391304 0.015
0 0.8731814036550064 0.8753536641929499 0.009963768115942028 0.01375
0 0.8915835932528481 0.8305175479282622 0.009963768115942028 0.01375
0 0.9144671537916882 0.7863392857142857 0.010869565217391304 0.015
0 0.695046908750325 0.6812063234384663 0.009963768115942028 0.01375
0 0.6094717696037573 0.776404993815708 0.009963768115942028 0.01375
0 0.6517826333431925 0.7343649505256648 0.009963768115942028 0.01375
0 0.5603912348865766 0.7201542207792206 0.009963768115942028 0.01375
0 0.564228968926174 0.5534087043908472 0.009963768115942028 0.01375
0 0.5428948423901842 0.5144608070500928 0.009963768115942028 0.01375
0 0.5418221142211828 0.47742076376004944 0.010869565217391304 0.015
0 0.6090426783361568 0.47271683673469395 0.009963768115942028 0.01375
0 0.5668511310980258 0.3438006338899197 0.009963768115942028 0.01375
0 0.5508324706694273 0.2513980364873223 0.009963768115942028 0.01375
0 0.45913129744651504 0.29373415275201 0.009963768115942028 0.01375
0 0.48334974635440486 0.43258464749536185 0.009963768115942028 0.01375
0 0.4593458430803153 0.43074250154607296 0.010869565217391304 0.015
0 0.43913205927957494 0.4287689393939394 0.010869565217391304 0.015
0 0.47567427827521014 0.4949540043290043 0.009963768115942028 0.01375
0 0.44883366719546863 0.6586073747680891 0.010869565217391304 0.015
0 0.2491505001209971 0.3681760204081633 0.009963768115942028 0.01375
0 0.2502708428562467 0.3410702690166977 0.010869565217391304 0.015
0 0.2959427348014305 0.35676136363636374 0.010869565217391304 0.015
0 0.29866012610577836 0.38051136363636373 0.009963768115942028 0.01375
0 0.29215261532808123 0.3124516852195424 0.009963768115942028 0.01375
0 0.2729398577612865 0.2851155689548547 0.010869565217391304 0.015
0 0.46990563353141007 0.8512086425479282 0.009963768115942028 0.01375
0 0.47305211610335846 0.8211754019789734 0.009963768115942028 0.01375
0 0.4469744584263219 0.8324254019789734 0.009963768115942028 0.01375
0 0.4422785418515233 0.9147290507111936 0.009963768115942028 0.01375
0 0.36790683005745134 0.9097290507111936 0.009963768115942028 0.01375
0 0.2359209329318026 0.7887078695114408 0.009963768115942028 0.01375
0 0.2381616184023017 0.7520296072974645 0.010869565217391304 0.015
0 0.27017485189069046 0.7266345856524427 0.009963768115942028 0.01375
0 0.289053747322381 0.8135107452071737 0.009963768115942028 0.01375
0 0.347693046256711 0.7764707019171305 0.009963768115942028 0.01375
0 0.4550314032068692 0.7171277829313545 0.009963768115942028 0.01375
0 0.49402885330680385 0.7077199288806432 0.009963768115942028 0.01375
0 0.41095655983078355 0.1811011904761905 0.010869565217391304 0.015
0 0.4711929073342117 0.15679151205936934 0.010869565217391304 0.015
0 0.4377971709105251 0.19353548237476814 0.010869565217391304 0.015
0 0.3963921042725392 0.10350146876932598 0.010869565217391304 0.015
0 0.3741521806351 0.09333681199752633 0.010869565217391304 0.015
0 0.32938608579136536 0.0754417903525048 0.010869565217391304 0.015
0 0.6860841668683285 0.22113443104514544 0.010869565217391304 0.015
0 0.6679441374705352 0.24116767161410024 0.009963768115942028 0.01375
0 0.6487313799037403 0.1891933364254794 0.010869565217391304 0.015
0 0.6641540179971859 0.16541009585652447 0.010869565217391304 0.015
0 0.7496339280112574 0.05968498763141625 0.010869565217391304 0.015
0 0.8158769930897262 0.03428996598639472 0.010869565217391304 0.015
0 0.7576191708567487 0.263240182436611 0.010869565217391304 0.015
0 0.6589813955885385 0.9260779993815708 0.009963768115942028 0.01375
0 0.39126709643014007 0.3197213203463204 0.009963768115942028 0.01375
0 0.3906951614637951 0.8981829777365491 0.009963768115942028 0.01375
0 0.40428211798553426 0.8944329777365491 0.010869565217391304 0.015
