0 0.3403273529438127 0.030836038961039095 0.009963768115942028 0.01375
0 0.38268583124949596 0.0590928416821275 0.009963768115942028 0.01375
0 0.41896589004508267 0.10754754174397035 0.009963768115942028 0.01375
0 0.3329140450646663 0.10415932282003723 0.010869565217391304 0.015
0 0.239067415503751 0.12794256338899201 0.009963768115942028 0.01375
0 0.2506999341238473 0.20626584724799016 0.009963768115942028 0.01375
0 0.23992559803895216 0.24116767161410024 0.009963768115942028 0.01375
0 0.2666468926173896 0.26245091218305505 0.009963768115942028 0.01375
0 0.28431021618133434 0.2247530148423006 0.009963768115942028 0.01375
0 0.3194699322416714 0.23896374458874461 0.010869565217391304 0.015
0 0.34635815788766106 0.22504908781694496 0.009963768115942028 0.01375
0 0.3945805100696406 0.22024621212121218 0.009963768115942028 0.01375
0 0.4102176937968865 0.22011479591836747 0.009963768115942028 0.01375
0 0.4873544114615545 0.3398859771181201 0.009963768115942028 0.01375
0 0.5110485399693475 0.33208990414347567 0.009963768115942028 0.01375
0 0.5368640374463358 0.3250173933209648 0.009963768115942028 0.01375
0 0.5641337397936779 0.32679383116883115 0.009963768115942028 0.01375
0 0.5805574041210688 0.11527790661719237 0.009963768115942028 0.01375
0 0.582798089591568 0.041954622758194234 0.009963768115942028 0.01375
0 0.6351920379482492 0.020901747062461454 0.010869565217391304 0.015
0 0.644202394396494 0.07692215522572682 0.010869565217391304 0.015
0 0.6441547798302458 0.18603548237476816 0.009963768115942028 0.01375
0 0.7423634638308552 0.05991535250463827 0.009963768115942028 0.01375
0 0.6652267461661873 0.1972197742733458 0.009963768115942028 0.01375
0 0.6847492784992787 0.17350224180581336 0.009963768115942028 0.01375
0 0.6129997288770582 0.2634048392084107 0.009963768115942028 0.01375
0 0.7098735245086178 0.262220547309833 0.009963768115942028 0.01375
0 0.26798178098643943 0.302944882498454 0.010869565217391304 0.015
0 0.25117663995769596 0.30787917439703166 0.010869565217391304 0.015
0 0.2780648656036856 0.4291964285714286 0.009963768115942028 0.01375
0 0.33050642852661494 0.432222866419295 0.009963768115942028 0.01375
0 0.3539860114006078 0.35741921768707485 0.010869565217391304 0.015
0 0.5363873316124871 0.42028177179962894 0.009963768115942028 0.01375
0 0.5968858393159636 0.4510718150896723 0.009963768115942028 0.01375
0 0.5859445721635165 0.5361058286951144 0.009963768115942028 0.01375
0 0.5390094937843387 0.5208422232529376 0.009963768115942028 0.01375
0 0.5330263034067383 0.6141330395794682 0.009963768115942028 0.01375
0 0.5821544526901672 0.5785076530612244 0.009963768115942028 0.01375
0 0.680696998825881 0.5519940476190477 0.009963768115942028 0.01375
0 0.7523989338818532 0.5076843692022264 0.010869565217391304 0.015
0 0.7134490983481667 0.5887380179344465 0.010869565217391304 0.015
0 0.7396936870927555 0.611994820655535 0.009963768115942028 0.01375
0 0.7929934325508861 0.6284094774273346 0.010869565217391304 0.015
0 0.8008358316976331 0.5860076530612245 0.009963768115942028 0.01375
0 0.8799034600665037 0.5766655071119358 0.010869565217391304 0.015
0 0.9253608063778873 0.5042961502782931 0.009963768115942028 0.01375
0 0.9426426532404796 0.621205550401979 0.009963768115942028 0.01375
0 0.8927039359880977 0.6345280612244898 0.010869565217391304 0.015
0 0.897995874898049 0.6790023964131106 0.009963768115942028 0.01375
0 0.9468618639814294 0.6682455936920223 0.010869565217391304 0.015
0 0.9000696293009959 0.3385702690166977 0.009963768115942028 0.01375
0 0.8532297800543143 0.2996223716759431 0.009963768115942028 0.01375
0 0.8266037146083731 0.33679383116883116 0.009963768115942028 0.01375
0 0.8288444000788722 0.39459067717996293 0.010869565217391304 0.015
0 0.7716593060148962 0.7237728045763759 0.010869565217391304 0.015
0 0.7590733757271025 0.7763392857142857 0.010869565217391304 0.015
0 0.8265561000421251 0.8478861317254175 0.009963768115942028 0.01375
0 0.8827877824384037 0.8327214749536178 0.009963768115942028 0.01375
0 0.6831046153639323 0.8827879560915275 0.010869565217391304 0.015
0 0.6176956454518567 0.8651232993197279 0.010869565217391304 0.015
0 0.5598669144864798 0.8816036641929499 0.009963768115942028 0.01375
0 0.5890910547354649 0.7813392857142857 0.009963768115942028 0.01375
0 0.5498790590017301 0.7621285559678417 0.010869565217391304 0.015
0 0.6618181033941906 0.6597916666666666 0.009963768115942028 0.01375
0 0.6397210234554955 0.6796602504638218 0.009963768115942028 0.01375
0 0.44051456221487295 0.5324215367965368 0.009963768115942028 0.01375
0 0.43016931739757835 0.4943618583797155 0.009963768115942028 0.01375
0 0.3452854297186596 0.4770589826839827 0.010869565217391304 0.015
0 0.34747850062291064 0.5225529529993816 0.009963768115942028 0.01375
0 0.33691871017181585 0.5521587043908472 0.010869565217391304 0.015
0 0.3191360701065671 0.602225185528757 0.009963768115942028 0.01375
0 0.2983027367732337 0.609725185528757 0.009963768115942028 0.01375
0 0.2661701867835409 0.47985505565862707 0.009963768115942028 0.01375
0 0.24445458354619856 0.4913354205318491 0.009963768115942028 0.01375
0 0.14991670251763428 0.45886788806431666 0.009963768115942028 0.01375
0 0.2043367907110144 0.54330975572047 0.010869565217391304 0.015
0 0.21067737042115933 0.5258097557204701 0.009963768115942028 0.01375
0 0.44254070205157175 0.6932788342609771 0.010869565217391304 0.015
0 0.41987168714653195 0.8892683209647495 0.009963768115942028 0.01375
0 0.47188415880186085 0.9805523345701918 0.009963768115942028 0.01375
0 0.35312782886540667 0.7086738559059986 0.009963768115942028 0.01375
0 0.3376099616394649 0.7151542207792206 0.009963768115942028 0.01375
0 0.31925538660787117 0.7350228045763759 0.009963768115942028 0.01375
0 0.29577580373387835 0.7692667748917748 0.009963768115942028 0.01375
0 0.2986125115395303 0.7934117965367966 0.010869565217391304 0.015
0 0.27310678882883865 0.8036421614100187 0.009963768115942028 0.01375
0 0.26862541788784033 0.7789049938157081 0.009963768115942028 0.01375
0 0.21148793839011243 0.7806814316635746 0.009963768115942028 0.01375
