0 0.26957882955553775 0.2705430581323439 0.009963768115942028 0.01375
0 0.17456424269312476 0.23159516079158948 0.010869565217391304 0.015
0 0.2729398577612865 0.1007053957946816 0.010869565217391304 0.015
0 0.3318413168956649 0.09274466604823757 0.009963768115942028 0.01375
0 0.39932404121068726 0.07448786332714917 0.009963768115942028 0.01375
0 0.4792974666810072 0.09458681199752633 0.010869565217391304 0.015
0 0.5299750499672861 0.18093653370439086 0.009963768115942028 0.01375
0 0.5038973922902497 0.15011402288188008 0.009963768115942028 0.01375
0 0.5036828466564494 0.021263528138528186 0.010869565217391304 0.015
0 0.3513162346625081 0.2961684446505876 0.009963768115942028 0.01375
0 0.49669863004490344 0.39320926097711817 0.009963768115942028 0.01375
0 0.5383658568829378 0.3929131880024738 0.009963768115942028 0.01375
0 0.5451355278606833 0.4313346474953619 0.009963768115942028 0.01375
0 0.5160066167441947 0.44215715831787267 0.009963768115942028 0.01375
0 0.5097136516002977 0.4981118583797155 0.010869565217391304 0.015
0 0.5697830680361737 0.508868661100804 0.009963768115942028 0.01375
0 0.5866358236311654 0.5219608070500928 0.009963768115942028 0.01375
0 0.60429914719511 0.5416979746444032 0.009963768115942028 0.01375
0 0.6386482952864941 0.5714351422387137 0.009963768115942028 0.01375
0 0.6313543039086519 0.632685915275201 0.009963768115942028 0.01375
0 0.6011526646231616 0.671337739641311 0.009963768115942028 0.01375
0 0.5121688827045972 0.742753169449598 0.010869565217391304 0.015
0 0.4860195230925045 0.7897932127396413 0.009963768115942028 0.01375
0 0.46895222186371266 0.8522939857761286 0.010869565217391304 0.015
0 0.4503831011983187 0.8955183209647495 0.009963768115942028 0.01375
0 0.428405337760928 0.9298279993815707 0.009963768115942028 0.01375
0 0.4034956373853891 0.912985853432282 0.009963768115942028 0.01375
0 0.42723738045943027 0.9638416048237477 0.009963768115942028 0.01375
0 0.5951218596793133 0.9681837507730364 0.009963768115942028 0.01375
0 0.6376472690525486 0.8097607452071738 0.009963768115942028 0.01375
0 0.8207874552983251 0.9588416048237477 0.009963768115942028 0.01375
0 0.8749453832916567 0.7698589208410637 0.009963768115942028 0.01375
0 0.8319432680845726 0.7153845856524427 0.009963768115942028 0.01375
0 0.8319432680845726 0.7503845856524427 0.009963768115942028 0.01375
0 0.977206346965664 0.7038052721088435 0.009963768115942028 0.01375
0 0.8805470969679046 0.6057448206555349 0.009963768115942028 0.01375
0 0.792254566516989 0.47890112863327144 0.009963768115942028 0.01375
0 0.8675320754125103 0.37544565553494125 0.010869565217391304 0.015
0 0.8964464408951989 0.2896880797773656 0.010869565217391304 0.015
0 0.9166602246959391 0.23189123376623386 0.009963768115942028 0.01375
0 0.8024328802667314 0.32708990414347566 0.009963768115942028 0.01375
0 0.7741621516854437 0.4019592609771182 0.009963768115942028 0.01375
0 0.7446041493013545 0.3731760204081633 0.009963768115942028 0.01375
0 0.7663197525386968 0.25597054730983304 0.009963768115942028 0.01375
0 0.43913205927957494 0.7024895640074211 0.010869565217391304 0.015
0 0.42819079212712763 0.726272804576376 0.010869565217391304 0.015
0 0.43598557670762655 0.5729812152133581 0.009963768115942028 0.01375
0 0.3100780990920743 0.5787380179344465 0.009963768115942028 0.01375
0 0.2902217046238786 0.6307123531230674 0.009963768115942028 0.01375
0 0.24157026117429853 0.6068634044526902 0.009963768115942028 0.01375
0 0.21148793839011243 0.617455550401979 0.009963768115942028 0.01375
0 0.21144032382386424 0.5773233611626469 0.010869565217391304 0.015
0 0.2277446716499512 0.5685733611626469 0.010869565217391304 0.015
0 0.1552562559938337 0.5797576530612245 0.009963768115942028 0.01375
0 0.162621949306732 0.5268950989486704 0.010869565217391304 0.015
0 0.23010467362175452 0.7395953153988867 0.010869565217391304 0.015
0 0.2724155373611897 0.7730824829931973 0.009963768115942028 0.01375
0 0.24509822044759946 0.7547599721706866 0.009963768115942028 0.01375
0 0.9047179313095463 0.6031791125541125 0.009963768115942028 0.01375
