0 0.7346879957516604 0.05688891465677187 0.009963768115942028 0.01375
0 0.6809115444596812 0.16902867965367974 0.009963768115942028 0.01375
0 0.6617464014591345 0.19258155534941251 0.010869565217391304 0.015
0 0.640007271024352 0.18258155534941253 0.010869565217391304 0.015
0 0.577840012816721 0.11284361471861487 0.009963768115942028 0.01375
0 0.5790079701182187 0.038862476808905484 0.009963768115942028 0.01375
0 0.38161310308049445 0.057711425479282784 0.009963768115942028 0.01375
0 0.4152233851379815 0.10363288497217084 0.009963768115942028 0.01375
0 0.3336529110985634 0.10600146876932598 0.009963768115942028 0.01375
0 0.6084707433698119 0.2641284013605443 0.009963768115942028 0.01375
0 0.7066794273704212 0.26524698515769957 0.010869565217391304 0.015
0 0.8266037146083731 0.3305438311688312 0.009963768115942028 0.01375
0 0.8505600033162146 0.2961684446505876 0.010869565217391304 0.015
0 0.8984725807318977 0.3394584879406308 0.009963768115942028 0.01375
0 0.9381612822994811 0.40439355287569584 0.009963768115942028 0.01375
0 0.9211415956369374 0.507388296227582 0.009963768115942028 0.01375
0 0.8789976629650544 0.5650204854669141 0.010869565217391304 0.015
0 0.8913690476190477 0.6357780612244899 0.009963768115942028 0.01375
0 0.9017859943713983 0.6728838126159554 0.009963768115942028 0.01375
0 0.9433339047081284 0.6662720315398886 0.010869565217391304 0.015
0 0.9401874221361801 0.6218634044526902 0.009963768115942028 0.01375
0 0.8756842493255539 0.8280832560296845 0.009963768115942028 0.01375
0 0.8291782622139766 0.8459782776747062 0.010869565217391304 0.015
0 0.7560221222876503 0.771174628942486 0.009963768115942028 0.01375
0 0.7676070263414986 0.7319306586270872 0.010869565217391304 0.015
0 0.7900614956127379 0.6248241341991342 0.009963768115942028 0.01375
0 0.7915633150493401 0.5835076530612244 0.009963768115942028 0.01375
0 0.6818173415611305 0.8852879560915276 0.010869565217391304 0.015
0 0.7501582484113541 0.5122568800247371 0.010869565217391304 0.015
0 0.6825085930287795 0.5485401205936921 0.009963768115942028 0.01375
0 0.7293484422754609 0.6086066017316017 0.009963768115942028 0.01375
0 0.5838708177605694 0.5346254638218924 0.009963768115942028 0.01375
0 0.5903783285382666 0.4493610853432283 0.010869565217391304 0.015
0 0.5301419810348383 0.424492501546073 0.009963768115942028 0.01375
0 0.5314768694038882 0.5154147340754484 0.009963768115942028 0.01375
0 0.5781497875830176 0.5804155071119357 0.010869565217391304 0.015
0 0.5303089121023905 0.6107448206555349 0.009963768115942028 0.01375
0 0.5646580601937746 0.3304781230674088 0.010869565217391304 0.015
0 0.5281158411981396 0.3301820500927644 0.009963768115942028 0.01375
0 0.5053992117268516 0.3320241960420532 0.009963768115942028 0.01375
0 0.4844224745234063 0.3348202690166977 0.009963768115942028 0.01375
0 0.5489256473340326 0.7648589208410637 0.010869565217391304 0.015
0 0.5805574041210688 0.7869971397649969 0.009963768115942028 0.01375
0 0.6087805181361083 0.8642350803957946 0.009963768115942028 0.01375
0 0.5595330523513755 0.8772615182436609 0.009963768115942028 0.01375
0 0.46964347333136175 0.9718680426716141 0.009963768115942028 0.01375
0 0.42146873571563026 0.892722247990105 0.010869565217391304 0.015
0 0.43822626217812566 0.6914366883116884 0.010869565217391304 0.015
0 0.43448375727102445 0.5315333178726036 0.009963768115942028 0.01375
0 0.42871511252722444 0.49751971243042675 0.010869565217391304 0.015
0 0.3361081422028628 0.477947201607916 0.009963768115942028 0.01375
0 0.3425204238480637 0.22606872294372293 0.009963768115942028 0.01375
0 0.3205902749769211 0.23814123376623386 0.009963768115942028 0.01375
0 0.279828845240336 0.2199501391465678 0.009963768115942028 0.01375
0 0.2506523195575991 0.20840406617192342 0.010869565217391304 0.015
0 0.23720820673460435 0.1283043444650589 0.009963768115942028 0.01375
0 0.2757765655669384 0.429492501546073 0.009963768115942028 0.01375
0 0.32683562555456974 0.43472286641929503 0.009963768115942028 0.01375
0 0.35153078029630835 0.3562349257884972 0.009963768115942028 0.01375
0 0.24152264660805045 0.246990182436611 0.009963768115942028 0.01375
0 0.2603539274734928 0.3026488095238096 0.009963768115942028 0.01375
0 0.26052085854104495 0.26031269325912193 0.009963768115942028 0.01375
0 0.34373599571580954 0.5249215367965369 0.009963768115942028 0.01375
0 0.3337722275998675 0.5499215367965369 0.010869565217391304 0.015
0 0.3099111680245221 0.6038369666048238 0.009963768115942028 0.01375
0 0.29723000860423227 0.6063369666048238 0.009963768115942028 0.01375
0 0.25246391376049765 0.6050869666048238 0.009963768115942028 0.01375
0 0.2599724507721403 0.4841314935064935 0.009963768115942028 0.01375
0 0.2418565087431548 0.49288149350649346 0.009963768115942028 0.01375
0 0.14426737427513833 0.4677825448361163 0.010869565217391304 0.015
0 0.20300190234196455 0.7813392857142857 0.010869565217391304 0.015
0 0.29353511826337925 0.7921617965367966 0.009963768115942028 0.01375
0 0.29353511826337925 0.7771617965367966 0.009963768115942028 0.01375
0 0.3204233439093689 0.7367992424242424 0.009963768115942028 0.01375
0 0.3450232695186113 0.7120620748299319 0.010869565217391304 0.015
