0 0.5269002693303938 0.10636324984539286 0.010869565217391304 0.015
0 0.5238966304571896 0.2783391311069883 0.009963768115942028 0.01375
0 0.3697184242603499 0.09554073902288195 0.009963768115942028 0.01375
0 0.322664029379868 0.11063968769325924 0.009963768115942028 0.01375
0 0.213299532593011 0.3276820500927644 0.009963768115942028 0.01375
0 0.39367471296819134 0.45321003401360543 0.009963768115942028 0.01375
0 0.3441650869834101 0.47485505565862707 0.010869565217391304 0.015
0 0.3629963678488524 0.520349025974026 0.010869565217391304 0.015
0 0.38742936239054265 0.5015000773036488 0.009963768115942028 0.01375
0 0.5862067323635649 0.46071003401360544 0.009963768115942028 0.01375
0 0.6226537222267037 0.4427493042671614 0.009963768115942028 0.01375
0 0.7719214662149446 0.608244820655535 0.010869565217391304 0.015
0 0.7947574121875365 0.6632455936920223 0.009963768115942028 0.01375
0 0.4344361427047764 0.7321610235003092 0.009963768115942028 0.01375
0 0.4480948011615715 0.8218332560296845 0.010869565217391304 0.015
0 0.4355088708737778 0.8439057668521954 0.009963768115942028 0.01375
0 0.37644048067184727 0.7872275046382188 0.009963768115942028 0.01375
0 0.27534747429933776 0.8342018398268398 0.009963768115942028 0.01375
0 0.35777613087395715 0.9413083642547927 0.009963768115942028 0.01375
