0 0.8365198681580672 0.3789328231292518 0.009963768115942028 0.01375
0 0.7784289769926417 0.47623647186147194 0.009963768115942028 0.01375
0 0.8568529684601114 0.6001526747062461 0.009963768115942028 0.01375
0 0.8139701697543315 0.9443348021026591 0.010869565217391304 0.015
0 0.623511904761905 0.8268989641311069 0.009963768115942028 0.01375
0 0.575766258413774 0.9617033858998144 0.009963768115942028 0.01375
0 0.6121415463418571 0.5834419449598021 0.009963768115942028 0.01375
0 0.5780069438842732 0.5506783395176252 0.009963768115942028 0.01375
0 0.47705678121050815 0.4897893475572047 0.009963768115942028 0.01375
0 0.2677672353526392 0.6668641774891775 0.010869565217391304 0.015
0 0.2511290253914478 0.7287728045763759 0.010869565217391304 0.015
0 0.28922067838993315 0.5803497990105133 0.010869565217391304 0.015
0 0.2375179815009009 0.4746246907854051 0.009963768115942028 0.01375
0 0.3249047148503671 0.32208990414347566 0.009963768115942028 0.01375
0 0.23394240766135188 0.2618587662337663 0.010869565217391304 0.015
0 0.20257281107436395 0.24087159863945587 0.009963768115942028 0.01375
0 0.3311976799942639 0.08633000927643791 0.009963768115942028 0.01375
0 0.352007486130157 0.08251430117501556 0.010869565217391304 0.015
0 0.2521776661916415 0.07514571737786029 0.009963768115942028 0.01375
