0 0.5648726058275749 0.7250885126777985 0.010869565217391304 0.015
0 0.6083038123022597 0.7398913883735312 0.009963768115942028 0.01375
0 0.6403646603568965 0.8679850803957946 0.009963768115942028 0.01375
0 0.7252485480358153 0.900452612863327 0.009963768115942028 0.01375
0 0.74002754922786 0.8669654452690166 0.009963768115942028 0.01375
0 0.8061753851738325 0.8844986858379715 0.009963768115942028 0.01375
0 0.8326345195522216 0.8874261750154606 0.009963768115942028 0.01375
0 0.8660302559759083 0.8911104669140383 0.009963768115942028 0.01375
0 0.7436507376336571 0.7040356369820655 0.009963768115942028 0.01375
0 0.6406268205569449 0.6845945423623995 0.010869565217391304 0.015
0 0.39772699264158906 0.9414730210265924 0.009963768115942028 0.01375
0 0.3258105119518164 0.77788535868893 0.010869565217391304 0.015
0 0.38561776818764415 0.3258399041434757 0.010869565217391304 0.015
0 0.41319724530128266 0.5382440476190476 0.010869565217391304 0.015
0 0.5700452282362223 0.3648535095856525 0.010869565217391304 0.015
0 0.5845144546619703 0.30830666357452075 0.009963768115942028 0.01375
0 0.5845144546619703 0.2833066635745207 0.009963768115942028 0.01375
0 0.6636773121633371 0.26715483920841065 0.009963768115942028 0.01375
0 0.5901637829044664 0.1663640228818801 0.009963768115942028 0.01375
0 0.5547895212103288 0.0781721552257268 0.009963768115942028 0.01375
0 0.5110961545355956 0.13544256338899202 0.009963768115942028 0.01375
0 0.581248655588718 0.13146219851577 0.009963768115942028 0.01375
0 0.5005839786507489 0.023171382189239437 0.010869565217391304 0.015
0 0.47300450153711027 0.025901747062461452 0.010869565217391304 0.015
0 0.8599042218995636 0.5454479746444032 0.009963768115942028 0.01375
0 0.896494055461447 0.6407123531230674 0.009963768115942028 0.01375
0 0.8946824612585484 0.6621270098948671 0.009963768115942028 0.01375
0 0.8935145039570507 0.7180160018552876 0.009963768115942028 0.01375
0 0.8097509590133815 0.39327496907854054 0.009963768115942028 0.01375
0 0.7559745077214024 0.2853459338280767 0.009963768115942028 0.01375
0 0.7907051325141389 0.22718730674087823 0.009963768115942028 0.01375
0 0.7748057885868446 0.25169410946196663 0.010869565217391304 0.015
0 0.7976893491256847 0.32560953927025366 0.009963768115942028 0.01375
0 0.29220022989432937 0.2925498608534323 0.009963768115942028 0.01375
0 0.28478692201518296 0.22702264996907856 0.009963768115942028 0.01375
