0 0.49205032803635307 0.42735428262213987 0.009963768115942028 0.01375
0 0.38940788766099343 0.42603857452071736 0.009963768115942028 0.01375
0 0.361923639679851 0.43228857452071734 0.009963768115942028 0.01375
0 0.6880626921387792 0.39577496907854054 0.009963768115942028 0.01375
0 0.6986224825898739 0.5213029529993816 0.010869565217391304 0.015
0 0.7060357904690203 0.5994948206555349 0.010869565217391304 0.015
0 0.7199089945596159 0.6265016233766234 0.009963768115942028 0.01375
0 0.706512496302869 0.6570613017934446 0.010869565217391304 0.015
0 0.6854405299669275 0.7568981910946196 0.009963768115942028 0.01375
0 0.86443320740681 0.8181489641311068 0.009963768115942028 0.01375
0 0.9453600445448274 0.5166647340754483 0.009963768115942028 0.01375
0 0.9440251561757775 0.3555770717377861 0.009963768115942028 0.01375
0 0.3703620611617507 0.8722615182436609 0.009963768115942028 0.01375
0 0.37212604079840117 0.9081829777365491 0.009963768115942028 0.01375
