0 0.7013398738942218 0.05623106060606076 0.010869565217391304 0.015
0 0.6145967774461564 0.1588640228818801 0.009963768115942028 0.01375
0 0.559962143618976 0.10392895794681521 0.010869565217391304 0.015
0 0.5589611173850306 0.045408549783549856 0.009963768115942028 0.01375
0 0.3168001555035718 0.05725069573283875 0.009963768115942028 0.01375
0 0.30809957382162356 0.08965252009894882 0.010869565217391304 0.015
0 0.4512412837335199 0.3317281230674088 0.009963768115942028 0.01375
0 0.574264438977172 0.27975378787878796 0.009963768115942028 0.01375
0 0.5566011154132273 0.3391624149659864 0.009963768115942028 0.01375
0 0.6813406357272819 0.26995091218305506 0.010869565217391304 0.015
0 0.8079393648104829 0.3110370284477428 0.009963768115942028 0.01375
0 0.8274142825773262 0.2933723716759431 0.010869565217391304 0.015
0 0.7212914974949138 0.5157765151515151 0.009963768115942028 0.01375
0 0.6721633482114849 0.54330975572047 0.009963768115942028 0.01375
0 0.5608679407204253 0.4430453772418059 0.009963768115942028 0.01375
0 0.5554331581117297 0.5299872448979592 0.009963768115942028 0.01375
0 0.5019188670197989 0.45386788806431666 0.010869565217391304 0.015
0 0.5111437691018439 0.5025197124304267 0.009963768115942028 0.01375
0 0.6796959725919356 0.9137751236858379 0.009963768115942028 0.01375
0 0.3433069044482089 0.3793603123067409 0.009963768115942028 0.01375
0 0.3005669494411732 0.46100610698824995 0.009963768115942028 0.01375
0 0.25234459725919367 0.43258464749536185 0.010869565217391304 0.015
0 0.30042410574242884 0.48669720160791596 0.009963768115942028 0.01375
0 0.24872140885339658 0.5946262368583798 0.009963768115942028 0.01375
0 0.30676468545257374 0.7535756802721087 0.009963768115942028 0.01375
0 0.40220836358258727 0.6935749072356215 0.009963768115942028 0.01375
