0 0.6874666698036265 0.06807320655534951 0.009963768115942028 0.01375
0 0.6068019928656576 0.14876507421150292 0.009963768115942028 0.01375
0 0.5550040668441291 0.10350146876932598 0.009963768115942028 0.01375
0 0.5502605357030823 0.05468498763141625 0.010869565217391304 0.015
0 0.5643482854274781 0.2883723716759431 0.009963768115942028 0.01375
0 0.6739273278481356 0.27547735003092155 0.009963768115942028 0.01375
0 0.7107317070438189 0.525349025974026 0.010869565217391304 0.015
0 0.6665616345352371 0.53705975572047 0.009963768115942028 0.01375
0 0.5406541569196851 0.5277833178726037 0.009963768115942028 0.01375
0 0.5474238278974305 0.44370323129251704 0.010869565217391304 0.015
0 0.4933852164054029 0.47485505565862707 0.009963768115942028 0.01375
0 0.5540982697426798 0.34843885281385284 0.009963768115942028 0.01375
0 0.4340546660034239 0.34695848794063083 0.010869565217391304 0.015
0 0.33968371604241177 0.3874524582560298 0.009963768115942028 0.01375
0 0.6791951793892788 0.9257819264069264 0.009963768115942028 0.01375
0 0.38993220806109014 0.7030817099567099 0.009963768115942028 0.01375
0 0.3043094543482743 0.7585756802721088 0.009963768115942028 0.01375
0 0.24829231758579592 0.6002183828076685 0.009963768115942028 0.01375
0 0.24152264660805045 0.44120323129251704 0.009963768115942028 0.01375
