0 0.7103026157762183 0.052908549783549856 0.010869565217391304 0.015
0 0.6248944076972028 0.16629831478045773 0.009963768115942028 0.01375
0 0.5648249912613268 0.042020330859616734 0.009963768115942028 0.01375
0 0.5670656767318258 0.09958681199752632 0.009963768115942028 0.01375
0 0.3757016146379502 0.06116535250463826 0.010869565217391304 0.015
0 0.39431834986959224 0.08715252009894883 0.009963768115942028 0.01375
0 0.324857100284119 0.043270330859616735 0.009963768115942028 0.01375
0 0.3145594700330726 0.09679073902288195 0.009963768115942028 0.01375
0 0.25987722163964405 0.42890035559678424 0.009963768115942028 0.01375
0 0.3125333301963738 0.4811050556586271 0.009963768115942028 0.01375
0 0.3134391272978231 0.45018359616573905 0.009963768115942028 0.01375
0 0.347693046256711 0.3669917285095858 0.009963768115942028 0.01375
0 0.4626592567198159 0.3317281230674088 0.010869565217391304 0.015
0 0.5841329779606179 0.2683391311069883 0.010869565217391304 0.015
0 0.5599145290527281 0.3360702690166977 0.009963768115942028 0.01375
0 0.6881103067050274 0.2643587662337663 0.009963768115942028 0.01375
0 0.8118247134163286 0.31449095547309835 0.009963768115942028 0.01375
0 0.8343984991888721 0.2890959338280767 0.009963768115942028 0.01375
0 0.8940388243571475 0.35801136363636377 0.009963768115942028 0.01375
0 0.9206648898030887 0.38090638528138526 0.009963768115942028 0.01375
0 0.8960173496275983 0.5082765151515152 0.009963768115942028 0.01375
0 0.8711552638183074 0.5377176097711812 0.009963768115942028 0.01375
0 0.731541513179712 0.5052500773036488 0.009963768115942028 0.01375
0 0.675786536617282 0.5423558286951145 0.009963768115942028 0.01375
0 0.5651347660276234 0.5293950989486703 0.009963768115942028 0.01375
0 0.570688865137623 0.442222866419295 0.009963768115942028 0.01375
0 0.5132892254398468 0.44120323129251704 0.009963768115942028 0.01375
0 0.5180327565808933 0.5036382962275819 0.009963768115942028 0.01375
0 0.5487587162664803 0.5797576530612245 0.010869565217391304 0.015
0 0.5297369771360456 0.5960076530612245 0.009963768115942028 0.01375
0 0.683581321197781 0.9013408317872603 0.009963768115942028 0.01375
0 0.4465929817249694 0.9477230210265923 0.010869565217391304 0.015
0 0.4239715813861778 0.924235853432282 0.010869565217391304 0.015
0 0.4153903162055337 0.6914366883116884 0.009963768115942028 0.01375
0 0.3109362816272755 0.74173353432282 0.009963768115942028 0.01375
0 0.25410857689584404 0.5977183828076685 0.009963768115942028 0.01375
