0 0.5682336340333237 0.9544337507730364 0.009963768115942028 0.01375
0 0.6164083716490549 0.8444322047000619 0.009963768115942028 0.01375
0 0.8113480075824798 0.956637677798392 0.009963768115942028 0.01375
0 0.8503454576824143 0.6028830395794682 0.010869565217391304 0.015
0 0.7759261313220942 0.48169720160791596 0.010869565217391304 0.015
0 0.828749170946376 0.3961367501546073 0.009963768115942028 0.01375
0 0.46878529079616044 0.4828814935064935 0.009963768115942028 0.01375
0 0.2853112424152798 0.5840997990105133 0.010869565217391304 0.015
0 0.22924649108655332 0.4909736394557824 0.009963768115942028 0.01375
0 0.3212339118783219 0.3357084879406308 0.009963768115942028 0.01375
