0 0.37734627777329655 0.0660996444032159 0.009963768115942028 0.01375
0 0.3322227935970173 0.08317215522572681 0.009963768115942028 0.01375
0 0.529760504333486 0.10113288497217084 0.009963768115942028 0.01375
0 0.5989119791526626 0.06432320655534951 0.010869565217391304 0.015
0 0.5228956042232441 0.17777867965367974 0.009963768115942028 0.01375
0 0.5431093880239846 0.2006737012987014 0.009963768115942028 0.01375
0 0.5478529191650311 0.32988597711812007 0.009963768115942028 0.01375
0 0.5072108059297502 0.43936108534322826 0.009963768115942028 0.01375
0 0.40397234321923775 0.41189355287569585 0.010869565217391304 0.015
0 0.3656661445869521 0.43038072047000625 0.009963768115942028 0.01375
0 0.3063355941849732 0.35955743661100814 0.010869565217391304 0.015
0 0.29551364353383003 0.3200173933209648 0.010869565217391304 0.015
0 0.2918187531929769 0.30028022572665436 0.009963768115942028 0.01375
0 0.2675526897188389 0.26097054730983305 0.009963768115942028 0.01375
0 0.3468824782877579 0.70683170995671 0.009963768115942028 0.01375
0 0.31904084097407087 0.6969631261595546 0.010869565217391304 0.015
0 0.3726027466322499 0.624955550401979 0.009963768115942028 0.01375
0 0.6905655378093268 0.36389958256029686 0.009963768115942028 0.01375
0 0.714307280883368 0.33208990414347567 0.009963768115942028 0.01375
0 0.7591209902933507 0.30301059059987634 0.009963768115942028 0.01375
0 0.799453328762335 0.24616767161410025 0.009963768115942028 0.01375
0 0.825006666039275 0.17682475262832412 0.009963768115942028 0.01375
0 0.913775902324039 0.30580666357452074 0.009963768115942028 0.01375
0 0.925885126777984 0.28379986085343234 0.009963768115942028 0.01375
0 0.9663843963145207 0.3648535095856525 0.010869565217391304 0.015
0 0.9623321166411231 0.49965793135436004 0.009963768115942028 0.01375
0 0.8993783778333471 0.6468309369202225 0.010869565217391304 0.015
0 0.8653390045082593 0.639166280148423 0.010869565217391304 0.015
0 0.8792122085988547 0.8580507884972169 0.009963768115942028 0.01375
0 0.8243154145716258 0.7711089208410636 0.009963768115942028 0.01375
0 0.7504204086114025 0.8506164965986395 0.009963768115942028 0.01375
0 0.7152130779848173 0.8222607452071737 0.009963768115942028 0.01375
0 0.7132345527143665 0.6427191558441558 0.009963768115942028 0.01375
0 0.7190031974581665 0.6001526747062461 0.009963768115942028 0.01375
0 0.6787184735554302 0.635416280148423 0.009963768115942028 0.01375
0 0.6909946290769274 0.5806458719851577 0.010869565217391304 0.015
0 0.7093968186747691 0.5144608070500928 0.010869565217391304 0.015
0 0.6419617089259949 0.3923867501546073 0.009963768115942028 0.01375
0 0.6247515639984587 0.3936367501546073 0.010869565217391304 0.015
0 0.5998177762541118 0.37199172850958573 0.009963768115942028 0.01375
0 0.562798851424628 0.5855801638837353 0.009963768115942028 0.01375
0 0.5379367656153372 0.5503165584415585 0.010869565217391304 0.015
0 0.5001072728169004 0.6156791125541126 0.009963768115942028 0.01375
0 0.5238490158909416 0.6232780612244898 0.009963768115942028 0.01375
