0 0.7365472045208072 0.8112078695114409 0.009963768115942028 0.01375
0 0.723007862565316 0.6922591991341992 0.009963768115942028 0.01375
0 0.6845347328654783 0.6938709802102658 0.009963768115942028 0.01375
0 0.6406268205569449 0.7288385126777984 0.009963768115942028 0.01375
0 0.6047282384627107 0.7608785559678417 0.009963768115942028 0.01375
0 0.5641813543599259 0.7114042207792207 0.009963768115942028 0.01375
0 0.5417268850886865 0.6873249072356216 0.010869565217391304 0.015
0 0.552810995939878 0.4863354205318491 0.010869565217391304 0.015
0 0.5861591177973167 0.49001971243042675 0.009963768115942028 0.01375
0 0.46938131313131315 0.493177566481138 0.009963768115942028 0.01375
0 0.4691191529312648 0.45952574211502795 0.010869565217391304 0.015
0 0.5626319203570759 0.3428467068645641 0.009963768115942028 0.01375
0 0.5368164228800876 0.24271374458874462 0.009963768115942028 0.01375
0 0.5104049030679468 0.21179228509585657 0.009963768115942028 0.01375
0 0.46730755872836627 0.29705666357452076 0.010869565217391304 0.015
0 0.3916961876977406 0.31376739332096476 0.009963768115942028 0.01375
0 0.7421013036308068 0.3268595392702537 0.009963768115942028 0.01375
0 0.7692040749105967 0.296464517625232 0.009963768115942028 0.01375
0 0.7236991140329652 0.4598218150896723 0.009963768115942028 0.01375
0 0.7918254752493885 0.5283754638218924 0.009963768115942028 0.01375
0 0.31477401566687285 0.7668324829931973 0.009963768115942028 0.01375
0 0.2703893975244908 0.7451874613481756 0.009963768115942028 0.01375
0 0.24652833794914547 0.7455492424242425 0.010869565217391304 0.015
0 0.23437149892895243 0.7916353586889301 0.010869565217391304 0.015
0 0.3770841175732481 0.9183476345083487 0.010869565217391304 0.015
0 0.6813882502935299 0.8815379560915275 0.009963768115942028 0.01375
0 0.3161089040359228 0.04731640383426111 0.010869565217391304 0.015
0 0.6668237947352857 0.9344005102040817 0.010869565217391304 0.015
