0 0.8850284679089028 0.7591021181199753 0.010869565217391304 0.015
0 0.8917981388866485 0.7285424397031539 0.009963768115942028 0.01375
0 0.887960404847051 0.6750877396413111 0.009963768115942028 0.01375
0 0.8743493609565041 0.6435084260977117 0.010869565217391304 0.015
0 0.9074353226138941 0.6168634044526902 0.010869565217391304 0.015
0 0.872966858021206 0.5945605287569573 0.009963768115942028 0.01375
0 0.8339694079212715 0.5745272881880025 0.010869565217391304 0.015
0 0.7876062645084386 0.7062395640074212 0.009963768115942028 0.01375
0 0.8434088556371167 0.7794971397649968 0.009963768115942028 0.01375
0 0.6390297719878467 0.7888392857142857 0.010869565217391304 0.015
0 0.6267060019001014 0.7504178262213976 0.010869565217391304 0.015
0 0.5283303868319398 0.7140356369820655 0.009963768115942028 0.01375
0 0.6618657179604386 0.5886723098330241 0.009963768115942028 0.01375
0 0.65850468975469 0.5426519016697589 0.009963768115942028 0.01375
0 0.68427257266543 0.609725185528757 0.009963768115942028 0.01375
0 0.6872045096035782 0.5472244124922697 0.009963768115942028 0.01375
0 0.7882975159760875 0.48890112863327145 0.009963768115942028 0.01375
0 0.7613616757638498 0.4715982529375387 0.009963768115942028 0.01375
0 0.8015270831652821 0.4445914502164503 0.009963768115942028 0.01375
0 0.7779998857250412 0.4081435528756958 0.010869565217391304 0.015
0 0.754258142651 0.36824172850958575 0.009963768115942028 0.01375
0 0.6151210978462534 0.3883406771799629 0.009963768115942028 0.01375
0 0.5980061820512133 0.3680113636363637 0.010869565217391304 0.015
0 0.5559098639455784 0.3766956555349412 0.009963768115942028 0.01375
0 0.5283303868319398 0.34291241496598646 0.009963768115942028 0.01375
0 0.642176254559795 0.2835694959802103 0.010869565217391304 0.015
0 0.6746185793157844 0.26162840136054427 0.009963768115942028 0.01375
0 0.7430071007322561 0.19330511750154614 0.009963768115942028 0.01375
0 0.8492251149471649 0.18146297155225738 0.009963768115942028 0.01375
0 0.8762561842918988 0.21011479591836746 0.010869565217391304 0.015
0 0.8973998525628963 0.2625823283858999 0.009963768115942028 0.01375
0 0.9242880782088858 0.3120566635745207 0.009963768115942028 0.01375
0 0.9030015662391442 0.3423202690166977 0.010869565217391304 0.015
0 0.8326345195522216 0.3865642393320965 0.009963768115942028 0.01375
0 0.4971753358787522 0.2928459338280767 0.009963768115942028 0.01375
0 0.6172665541842562 0.1746208256029685 0.010869565217391304 0.015
0 0.42931113486237726 0.20781192022263453 0.009963768115942028 0.01375
0 0.4380117165443254 0.09251430117501556 0.009963768115942028 0.01375
0 0.47305211610335846 0.0841260822510823 0.009963768115942028 0.01375
0 0.316204133168419 0.1904433364254794 0.010869565217391304 0.015
0 0.20924725291961324 0.318175247371676 0.009963768115942028 0.01375
0 0.32240186917981967 0.026921382189239437 0.009963768115942028 0.01375
0 0.25358425649574734 0.587553726035869 0.009963768115942028 0.01375
0 0.276944522868436 0.562750850340136 0.009963768115942028 0.01375
0 0.36049352217830494 0.77913535868893 0.010869565217391304 0.015
0 0.3004717203086769 0.7303845856524427 0.009963768115942028 0.01375
0 0.466282445125613 0.623935915275201 0.009963768115942028 0.01375
0 0.5202734420513925 0.5766655071119358 0.009963768115942028 0.01375
0 0.49541135624210164 0.524099025974026 0.009963768115942028 0.01375
0 0.548496556066432 0.5422901205936921 0.009963768115942028 0.01375
0 0.7080619303057193 0.6972591991341992 0.010869565217391304 0.015
0 0.5814155866562701 0.9656837507730365 0.009963768115942028 0.01375
0 0.21778090353400917 0.8092343073593073 0.010869565217391304 0.015
0 0.20455133634481468 0.7581481910946196 0.009963768115942028 0.01375
0 0.8041968599033817 0.9164397804576376 0.009963768115942028 0.01375
0 0.8270328058759737 0.9505848021026592 0.009963768115942028 0.01375
0 0.9271724005807859 0.5463361935683364 0.010869565217391304 0.015
0 0.5518575842721808 0.500677566481138 0.009963768115942028 0.01375
0 0.306287979618725 0.5399872448979592 0.009963768115942028 0.01375
0 0.6995282796913233 0.42235428262213986 0.010869565217391304 0.015
