0 0.4920979426026011 0.42830820964749533 0.009963768115942028 0.01375
0 0.3644981872854545 0.4316307204700063 0.009963768115942028 0.01375
0 0.3862373177202371 0.42788072047000625 0.009963768115942028 0.01375
0 0.700696236992821 0.5249872448979592 0.009963768115942028 0.01375
0 0.6891830348740289 0.40903177179962896 0.009963768115942028 0.01375
0 0.942261176539127 0.5234411719233149 0.009963768115942028 0.01375
0 0.9432862901418805 0.3558731447124305 0.010869565217391304 0.015
0 0.707799770105671 0.6047908936301793 0.009963768115942028 0.01375
0 0.699957370958924 0.6589034477427335 0.009963768115942028 0.01375
0 0.6856074610344798 0.760713899196042 0.009963768115942028 0.01375
0 0.7190031974581665 0.6320280612244898 0.009963768115942028 0.01375
0 0.8785209571312057 0.8357479128014842 0.010869565217391304 0.015
