0 0.9117021479210922 0.32488597711812006 0.009963768115942028 0.01375
0 0.8820965309707548 0.20281192022263453 0.010869565217391304 0.015
0 0.8509890945838152 0.09054073902288196 0.010869565217391304 0.015
0 0.8283676942450237 0.09399466604823757 0.009963768115942028 0.01375
0 0.7443419891013059 0.1601140228818801 0.009963768115942028 0.01375
0 0.6889684892402285 0.13942292826221403 0.009963768115942028 0.01375
0 0.7405042550617087 0.240509817563389 0.010869565217391304 0.015
0 0.7360704986869585 0.27024698515769957 0.009963768115942028 0.01375
0 0.6981933913222734 0.25014803648732226 0.010869565217391304 0.015
0 0.7774755653249444 0.5076843692022264 0.010869565217391304 0.015
0 0.8209067717996291 0.6722916666666666 0.010869565217391304 0.015
0 0.6884917834063797 0.7551217532467532 0.009963768115942028 0.01375
0 0.6480401284360915 0.8107146722325294 0.009963768115942028 0.01375
0 0.6291612330044009 0.6331466450216451 0.009963768115942028 0.01375
0 0.594216062577864 0.6784102504638219 0.009963768115942028 0.01375
0 0.6605308295913888 0.49574327458256034 0.009963768115942028 0.01375
0 0.6708760744086834 0.4579796691403834 0.010869565217391304 0.015
0 0.6495419478726935 0.39577496907854054 0.010869565217391304 0.015
0 0.671472096743836 0.37406423933209654 0.009963768115942028 0.01375
0 0.6815551813610821 0.32560953927025366 0.009963768115942028 0.01375
0 0.6004614131555127 0.28778022572665435 0.010869565217391304 0.015
0 0.572023753506673 0.2826155689548547 0.009963768115942028 0.01375
0 0.5353146034434856 0.27577342300556595 0.009963768115942028 0.01375
0 0.5431093880239846 0.07383000927643792 0.009963768115942028 0.01375
0 0.515529910910346 0.06764571737786028 0.009963768115942028 0.01375
0 0.4814905375852581 0.06984964440321591 0.009963768115942028 0.01375
0 0.4019462033825389 0.06521142547928278 0.009963768115942028 0.01375
0 0.3013299028438781 0.08929073902288195 0.009963768115942028 0.01375
0 0.2294134221541055 0.29248415275200995 0.010869565217391304 0.015
0 0.44287456418667615 0.3926828231292518 0.009963768115942028 0.01375
0 0.4978665873464011 0.4049856988249846 0.009963768115942028 0.01375
0 0.5787458099181703 0.44406501236858387 0.010869565217391304 0.015
0 0.4073333714249865 0.4118278447742733 0.009963768115942028 0.01375
0 0.40888280542783656 0.4823550556586271 0.010869565217391304 0.015
0 0.3732463835336507 0.5086382962275819 0.009963768115942028 0.01375
0 0.3416622413128625 0.4573218150896723 0.009963768115942028 0.01375
0 0.28431021618133434 0.7093317099567099 0.009963768115942028 0.01375
0 0.2332035416274548 0.7300228045763759 0.010869565217391304 0.015
0 0.2014524683391144 0.7294306586270872 0.009963768115942028 0.01375
0 0.18300266417502453 0.7191345856524427 0.010869565217391304 0.015
0 0.27651543160083536 0.8051882343846628 0.009963768115942028 0.01375
0 0.3820421943480951 0.7671285559678417 0.009963768115942028 0.01375
0 0.4555081090407179 0.6820945423623995 0.010869565217391304 0.015
0 0.48041780941625667 0.7884117965367966 0.010869565217391304 0.015
0 0.4422785418515233 0.8336754019789734 0.009963768115942028 0.01375
0 0.3815178739479983 0.9075908317872603 0.010869565217391304 0.015
0 0.717191603255268 0.9469994588744588 0.010869565217391304 0.015
