0 0.8991162176332985 0.6223898423005566 0.009963768115942028 0.01375
0 0.9240735325750855 0.5617969233147805 0.009963768115942028 0.01375
0 0.8733959492888066 0.6929827612863326 0.009963768115942028 0.01375
0 0.8579256966291129 0.6622259585652444 0.009963768115942028 0.01375
0 0.8673651443449581 0.6150869666048238 0.009963768115942028 0.01375
0 0.8225514349349755 0.5933105287569573 0.009963768115942028 0.01375
0 0.8776627745960046 0.7802207019171306 0.009963768115942028 0.01375
0 0.8393089613974708 0.7770628478664193 0.009963768115942028 0.01375
0 0.7839830761026415 0.714562074829932 0.009963768115942028 0.01375
0 0.7795017051616432 0.4941314935064935 0.009963768115942028 0.01375
0 0.7602413330286002 0.4808089826839827 0.009963768115942028 0.01375
0 0.8005736714975846 0.44686108534322827 0.009963768115942028 0.01375
0 0.779287159527843 0.41926213667285095 0.010869565217391304 0.015
0 0.7011253282604216 0.424492501546073 0.009963768115942028 0.01375
0 0.755759962087602 0.3887024582560298 0.010869565217391304 0.015
0 0.8415972614342181 0.4023210420531849 0.009963768115942028 0.01375
0 0.8874836990132022 0.3728799474335189 0.009963768115942028 0.01375
0 0.9209270500031371 0.3168595392702537 0.009963768115942028 0.01375
0 0.9025724749715434 0.28975378787878797 0.009963768115942028 0.01375
0 0.7402897094279083 0.2089962121212122 0.009963768115942028 0.01375
0 0.6713051656762838 0.26870091218305503 0.010869565217391304 0.015
0 0.6448460312978949 0.2863655689548547 0.010869565217391304 0.015
0 0.6251089533310031 0.18889726345083488 0.009963768115942028 0.01375
0 0.4319809116004769 0.2106079931972789 0.009963768115942028 0.01375
0 0.4963171533435509 0.29248415275200995 0.010869565217391304 0.015
0 0.3127954903964221 0.19567370129870143 0.009963768115942028 0.01375
0 0.27310678882883865 0.248009817563389 0.009963768115942028 0.01375
0 0.5361727859786867 0.5045922232529376 0.010869565217391304 0.015
0 0.4971753358787522 0.526599025974026 0.010869565217391304 0.015
0 0.5348378976096368 0.5466979746444032 0.010869565217391304 0.015
0 0.5108816089017953 0.5726851422387137 0.009963768115942028 0.01375
0 0.4669736965932619 0.6452848639455783 0.009963768115942028 0.01375
0 0.5204879876851928 0.7168317099567099 0.009963768115942028 0.01375
0 0.34309235881440864 0.7752207019171306 0.010869565217391304 0.015
0 0.30745593692022277 0.7341345856524427 0.009963768115942028 0.01375
0 0.6270157766663979 0.7867010667903526 0.009963768115942028 0.01375
0 0.620675196956253 0.7654510667903526 0.009963768115942028 0.01375
