0 0.23854309510365415 0.1170543444650589 0.010869565217391304 0.015
0 0.2530358487268426 0.1258043444650589 0.009963768115942028 0.01375
0 0.2798764598065841 0.11212005256648126 0.009963768115942028 0.01375
0 0.3320558625294651 0.10577110389610396 0.010869565217391304 0.015
0 0.3623527309474516 0.09827110389610397 0.009963768115942028 0.01375
0 0.38113639724664583 0.09458681199752633 0.009963768115942028 0.01375
0 0.352698737597806 0.03251352813852819 0.009963768115942028 0.01375
0 0.3815178739479983 0.03376352813852819 0.010869565217391304 0.015
0 0.41117110546458385 0.0760996444032159 0.009963768115942028 0.01375
0 0.47278995590331013 0.10731717687074833 0.009963768115942028 0.01375
0 0.510571834135499 0.02803996598639472 0.009963768115942028 0.01375
0 0.49829567861400187 0.15981794990723572 0.009963768115942028 0.01375
0 0.5395814287506836 0.18741689857761287 0.010869565217391304 0.015
0 0.6213664484239021 0.03619782003710583 0.009963768115942028 0.01375
0 0.7257252538696639 0.11593576066790362 0.009963768115942028 0.01375
0 0.7456292629041078 0.14626507421150292 0.009963768115942028 0.01375
0 0.8312996311831717 0.09804073902288195 0.010869565217391304 0.015
0 0.8476280663780664 0.05379676870748312 0.009963768115942028 0.01375
0 0.8305607651492746 0.1410347093382809 0.009963768115942028 0.01375
0 0.8414303303666659 0.1397847093382809 0.009963768115942028 0.01375
0 0.8834790339060528 0.11320539579468161 0.010869565217391304 0.015
0 0.9065771400786931 0.1490611471861473 0.009963768115942028 0.01375
0 0.9343235482598838 0.16879831478045773 0.009963768115942028 0.01375
0 0.9186387499663898 0.21465406617192342 0.009963768115942028 0.01375
0 0.8521094373190649 0.19883155534941252 0.009963768115942028 0.01375
0 0.8533967111218665 0.22754908781694497 0.010869565217391304 0.015
0 0.901571448737598 0.3113331014223871 0.010869565217391304 0.015
0 0.9150631761268408 0.2735694959802103 0.010869565217391304 0.015
0 0.7733039691502426 0.24735196351267788 0.010869565217391304 0.015
0 0.8032434482356843 0.3417281230674088 0.010869565217391304 0.015
0 0.8742541318240079 0.37074172850958576 0.010869565217391304 0.015
0 0.7909672927141872 0.4149856988249846 0.009963768115942028 0.01375
0 0.7506349542452029 0.3756760204081633 0.009963768115942028 0.01375
0 0.7355937928531098 0.39702496907854057 0.009963768115942028 0.01375
0 0.7088724982746724 0.35439277983920847 0.009963768115942028 0.01375
0 0.7951865034551372 0.4888354205318491 0.010869565217391304 0.015
0 0.8338024768537193 0.5457440476190477 0.009963768115942028 0.01375
0 0.924335692775134 0.4239660636982066 0.010869565217391304 0.015
0 0.9466473183476289 0.4365650123685839 0.010869565217391304 0.015
0 0.9866457946815091 0.5173225881261596 0.009963768115942028 0.01375
0 0.9667182584496251 0.5135725881261596 0.010869565217391304 0.015
0 0.958017676767677 0.48455898268398273 0.009963768115942028 0.01375
0 0.948029821282927 0.6088369666048238 0.009963768115942028 0.01375
0 0.9058858886110441 0.6119291125541125 0.009963768115942028 0.01375
0 0.8841702853737017 0.6169291125541125 0.010869565217391304 0.015
0 0.9713424730893676 0.7149895640074212 0.009963768115942028 0.01375
0 0.8657204812096119 0.7688060451453308 0.009963768115942028 0.01375
0 0.926528763679385 0.7940039424860853 0.009963768115942028 0.01375
0 0.837282821560772 0.7086738559059986 0.010869565217391304 0.015
0 0.8270804204422219 0.750713899196042 0.009963768115942028 0.01375
0 0.8328490651860219 0.8330175479282622 0.009963768115942028 0.01375
0 0.8211689319996774 0.8741036641929498 0.009963768115942028 0.01375
0 0.8263415544083248 0.9733484075448361 0.010869565217391304 0.015
0 0.7891556985112886 0.9014065398886827 0.010869565217391304 0.015
0 0.7189555828919184 0.859531153370439 0.009963768115942028 0.01375
0 0.6970254340207758 0.8029185992578849 0.010869565217391304 0.015
0 0.7075852244718706 0.8939065398886826 0.009963768115942028 0.01375
0 0.6831522299301804 0.8861761750154606 0.010869565217391304 0.015
0 0.6394588632554472 0.8160107452071738 0.009963768115942028 0.01375
0 0.5977916364174128 0.8833801020408163 0.009963768115942028 0.01375
0 0.5572447523146282 0.8716693722943722 0.009963768115942028 0.01375
0 0.6454896681992958 0.6353505720470005 0.010869565217391304 0.015
0 0.6107590434065592 0.6796602504638218 0.010869565217391304 0.015
0 0.6405792059906968 0.5770272881880024 0.010869565217391304 0.015
0 0.623559519328153 0.539790120593692 0.009963768115942028 0.01375
0 0.5971479995160122 0.5188029529993816 0.009963768115942028 0.01375
0 0.5738353477095716 0.5115000773036488 0.010869565217391304 0.015
0 0.5455646191282838 0.4436375231910947 0.010869565217391304 0.015
0 0.5623221455907793 0.3963671150278293 0.010869565217391304 0.015
0 0.5365542626800393 0.36853780148423015 0.010869565217391304 0.015
0 0.5279012955643392 0.4356767934446506 0.010869565217391304 0.015
0 0.4973898815125526 0.3926828231292518 0.009963768115942028 0.01375
0 0.6152880289138055 0.2187333797155226 0.009963768115942028 0.01375
0 0.6332135126777985 0.24093730674087824 0.009963768115942028 0.01375
0 0.4714550675342603 0.2918262987012987 0.009963768115942028 0.01375
0 0.4587022061789144 0.3280438311688312 0.010869565217391304 0.015
0 0.3903612993286908 0.16712082560296848 0.009963768115942028 0.01375
0 0.37212604079840117 0.20471977427334578 0.009963768115942028 0.01375
0 0.3564888570711553 0.28879986085343234 0.010869565217391304 0.015
0 0.33782450727326513 0.32863597711812004 0.009963768115942028 0.01375
0 0.33343836546476313 0.36889958256029687 0.010869565217391304 0.015
0 0.2787561170713346 0.27327342300556595 0.010869565217391304 0.015
0 0.21975942880445992 0.3357084879406308 0.010869565217391304 0.015
0 0.20355031011086924 0.3366624149659864 0.010869565217391304 0.015
0 0.15759217059682906 0.35278099876314173 0.009963768115942028 0.01375
0 0.15077488505283546 0.32988597711812007 0.010869565217391304 0.015
0 0.24450219811244664 0.4048210420531849 0.009963768115942028 0.01375
0 0.2735358800964392 0.46587469078540505 0.009963768115942028 0.01375
0 0.18951017495272163 0.5120922232529376 0.009963768115942028 0.01375
0 0.20400292857591004 0.5070922232529376 0.009963768115942028 0.01375
0 0.198305985767166 0.5662047773654917 0.009963768115942028 0.01375
0 0.23949650677135162 0.5606126314162029 0.009963768115942028 0.01375
0 0.24867379428714836 0.6177516233766234 0.009963768115942028 0.01375
0 0.21213157529151325 0.6273898423005566 0.009963768115942028 0.01375
0 0.15930853566723138 0.5853497990105133 0.009963768115942028 0.01375
0 0.1590939900334311 0.6100212585034014 0.010869565217391304 0.015
0 0.29599034936767865 0.6317319882498453 0.010869565217391304 0.015
0 0.3094344621906735 0.5738694341372913 0.009963768115942028 0.01375
0 0.4257355610228283 0.41380140692640693 0.009963768115942028 0.01375
0 0.4153903162055337 0.3753142393320965 0.009963768115942028 0.01375
0 0.5068769437946459 0.5037697124304268 0.009963768115942028 0.01375
0 0.4532674235702187 0.5790997990105133 0.009963768115942028 0.01375
0 0.42232691825083146 0.562750850340136 0.009963768115942028 0.01375
0 0.48773588816290686 0.5937380179344465 0.010869565217391304 0.015
0 0.5050177350254991 0.557520485466914 0.009963768115942028 0.01375
0 0.38547492448889975 0.6039026747062461 0.009963768115942028 0.01375
0 0.41083724332947946 0.5951526747062461 0.009963768115942028 0.01375
0 0.4239239668199297 0.6366005720470005 0.009963768115942028 0.01375
0 0.3629963678488524 0.6585416666666666 0.010869565217391304 0.015
0 0.4064275743235372 0.7241345856524427 0.009963768115942028 0.01375
0 0.38828754492574374 0.7340688775510205 0.010869565217391304 0.015
0 0.4247821493551309 0.7204502937538652 0.009963768115942028 0.01375
0 0.4501209409982703 0.6978513450834879 0.009963768115942028 0.01375
0 0.47183654423561266 0.7322267316017316 0.009963768115942028 0.01375
0 0.466401761626917 0.7509767316017316 0.009963768115942028 0.01375
0 0.5248024275586388 0.7429835343228199 0.010869565217391304 0.015
0 0.48709225126150596 0.7931157235621521 0.009963768115942028 0.01375
0 0.46649699075941314 0.8496625695732838 0.010869565217391304 0.015
0 0.46563880822421205 0.9044329777365491 0.009963768115942028 0.01375
0 0.43896512821202277 0.9310122912801484 0.009963768115942028 0.01375
0 0.4308605688652274 0.9662758967223252 0.009963768115942028 0.01375
0 0.4125059938336337 0.9109133426097711 0.010869565217391304 0.015
0 0.4185367987774821 0.8478204236239949 0.009963768115942028 0.01375
0 0.4232327153522807 0.8237411100803957 0.009963768115942028 0.01375
0 0.2264814852159574 0.7392992424242425 0.009963768115942028 0.01375
0 0.2852160132827836 0.7859775046382188 0.009963768115942028 0.01375
0 0.26595564114974063 0.8419322047000618 0.010869565217391304 0.015
0 0.24104594077420172 0.8442018398268398 0.009963768115942028 0.01375
0 0.39346016733439104 0.9667033858998144 0.010869565217391304 0.015
0 0.2500086826561983 0.7577864100185527 0.009963768115942028 0.01375
