0 0.6838434813978294 0.876241883116883 0.009963768115942028 0.01375
0 0.645060576931695 0.9733484075448361 0.009963768115942028 0.01375
0 0.6305678233085067 0.9845984075448361 0.009963768115942028 0.01375
0 0.6336902185116472 0.8701232993197279 0.009963768115942028 0.01375
0 0.5536691784750793 0.8883801020408163 0.009963768115942028 0.01375
0 0.5518575842721808 0.758674628942486 0.010869565217391304 0.015
0 0.5853009352621156 0.7742010667903526 0.009963768115942028 0.01375
0 0.5744313700447243 0.7729510667903525 0.010869565217391304 0.015
0 0.6045136928289103 0.7770628478664193 0.010869565217391304 0.015
0 0.5865882090649173 0.7359110235003092 0.009963768115942028 0.01375
0 0.5947403829779607 0.7296610235003093 0.009963768115942028 0.01375
0 0.6419140943597467 0.6859102504638218 0.010869565217391304 0.015
0 0.6654889063662357 0.7616021181199752 0.009963768115942028 0.01375
0 0.6727352831778298 0.7791021181199753 0.009963768115942028 0.01375
0 0.7031038535308723 0.7800892857142857 0.009963768115942028 0.01375
0 0.7050347642350749 0.7591678262213977 0.009963768115942028 0.01375
0 0.7287048053740602 0.75298353432282 0.009963768115942028 0.01375
0 0.738525729791258 0.7819971397649969 0.010869565217391304 0.015
0 0.7629111097667 0.7782471397649968 0.009963768115942028 0.01375
0 0.7837685304688412 0.7777207019171306 0.010869565217391304 0.015
0 0.8027191278355876 0.8997290507111936 0.010869565217391304 0.015
0 0.827247351509774 0.8648929344465058 0.010869565217391304 0.015
0 0.8902487048837983 0.8425243506493506 0.009963768115942028 0.01375
0 0.8852430135427032 0.7909117965367966 0.009963768115942028 0.01375
0 0.8721086754860049 0.7695628478664193 0.009963768115942028 0.01375
0 0.8953260981599491 0.7013709802102659 0.010869565217391304 0.015
0 0.9650018933792227 0.6743641774891774 0.009963768115942028 0.01375
0 0.9516053951224761 0.6187055504019789 0.010869565217391304 0.015
0 0.9092945313830408 0.6332780612244898 0.009963768115942028 0.01375
0 0.8920843864555046 0.6357780612244899 0.010869565217391304 0.015
0 0.8843372164412538 0.6401202071737785 0.010869565217391304 0.015
0 0.8758987949593542 0.5914683828076686 0.009963768115942028 0.01375
0 0.9385903735670819 0.5048882962275819 0.009963768115942028 0.01375
0 0.8064375453738809 0.6428505720470006 0.009963768115942028 0.01375
0 0.820739840732077 0.5838037260358689 0.009963768115942028 0.01375
0 0.8005736714975846 0.6876209802102659 0.009963768115942028 0.01375
0 0.7770464740573437 0.721042439703154 0.009963768115942028 0.01375
0 0.7567133737552995 0.622455550401979 0.009963768115942028 0.01375
0 0.7517076824142044 0.5676851422387137 0.009963768115942028 0.01375
0 0.7317560588135125 0.5695929962894248 0.010869565217391304 0.015
0 0.7190508120244146 0.5920605287569574 0.009963768115942028 0.01375
0 0.6748807395158328 0.6706141774891775 0.009963768115942028 0.01375
0 0.6537611586136433 0.6338702071737786 0.010869565217391304 0.015
0 0.6269205475339017 0.6066330395794681 0.010869565217391304 0.015
0 0.6117124550742564 0.5871262368583797 0.009963768115942028 0.01375
0 0.5924044683749654 0.5746919449598021 0.009963768115942028 0.01375
0 0.5314768694038882 0.6158437693259122 0.009963768115942028 0.01375
0 0.569925911734918 0.6016330395794681 0.009963768115942028 0.01375
0 0.5541458843089281 0.5198882962275819 0.010869565217391304 0.015
0 0.5971479995160122 0.539790120593692 0.010869565217391304 0.015
0 0.6806493842596328 0.5550204854669141 0.009963768115942028 0.01375
0 0.7624820184990995 0.5123225881261596 0.010869565217391304 0.015
0 0.48511372599105523 0.630185915275201 0.010869565217391304 0.015
0 0.47166961316806044 0.6576534477427335 0.009963768115942028 0.01375
0 0.4480948011615715 0.7018974180581324 0.009963768115942028 0.01375
0 0.3654515989531519 0.7123581478045764 0.009963768115942028 0.01375
0 0.34118553547901387 0.7090356369820655 0.009963768115942028 0.01375
0 0.3180874293063735 0.7272267316017316 0.009963768115942028 0.01375
0 0.30020956010862854 0.7627864100185527 0.009963768115942028 0.01375
0 0.30783741362157524 0.7893000154607297 0.010869565217391304 0.015
0 0.3602789765445046 0.8105500154607297 0.009963768115942028 0.01375
0 0.42604533578912474 0.8818340290661719 0.009963768115942028 0.01375
0 0.3257628973855683 0.8534125695732838 0.009963768115942028 0.01375
0 0.3243803944502704 0.8249254019789735 0.009963768115942028 0.01375
0 0.27448929176413656 0.8126225262832406 0.009963768115942028 0.01375
0 0.2709137179245875 0.7761089208410636 0.009963768115942028 0.01375
0 0.22850762505265623 0.7894314316635745 0.009963768115942028 0.01375
0 0.28280839674473224 0.6484427179962894 0.009963768115942028 0.01375
0 0.30318911161302475 0.6211398423005565 0.009963768115942028 0.01375
0 0.32623960321941703 0.6008105287569573 0.009963768115942028 0.01375
0 0.34881338899196057 0.5537047773654917 0.009963768115942028 0.01375
0 0.3548918085020571 0.5181450989486703 0.009963768115942028 0.01375
0 0.35899170274170283 0.4702825448361163 0.010869565217391304 0.015
0 0.341233150045262 0.4353150123685839 0.009963768115942028 0.01375
0 0.2881479502209317 0.426992501546073 0.009963768115942028 0.01375
0 0.2800910054403844 0.4853814935064935 0.010869565217391304 0.015
0 0.2478156117519473 0.48574327458256034 0.009963768115942028 0.01375
0 0.2464331088166493 0.4350189393939394 0.010869565217391304 0.015
0 0.21997397443826028 0.4189660636982066 0.010869565217391304 0.015
0 0.25117663995769596 0.3035370284477428 0.009963768115942028 0.01375
0 0.2744416771978885 0.30758310142238715 0.010869565217391304 0.015
0 0.2793997539727355 0.26893127705627706 0.009963768115942028 0.01375
0 0.23842377860235017 0.23866767161410024 0.009963768115942028 0.01375
0 0.26056847310729303 0.20863443104514545 0.009963768115942028 0.01375
0 0.24717197485054637 0.12146219851577002 0.009963768115942028 0.01375
0 0.29641944063527925 0.22879908781694497 0.009963768115942028 0.01375
0 0.326930854687066 0.23741767161410024 0.009963768115942028 0.01375
0 0.3481697520905596 0.21768050401978983 0.010869565217391304 0.015
0 0.39655903534009135 0.21981872294372296 0.009963768115942028 0.01375
0 0.4232327153522807 0.21886479591836747 0.009963768115942028 0.01375
0 0.32800358285606745 0.1294886363636364 0.009963768115942028 0.01375
0 0.341924401512911 0.10327110389610397 0.009963768115942028 0.01375
0 0.3453330442849077 0.02310567408781708 0.009963768115942028 0.01375
0 0.43038386303137877 0.11843576066790362 0.009963768115942028 0.01375
0 0.4073333714249865 0.08001430117501557 0.009963768115942028 0.01375
0 0.38316253708334463 0.0685996444032159 0.010869565217391304 0.015
0 0.1900344953528184 0.30080666357452074 0.009963768115942028 0.01375
0 0.18459971274412276 0.3170566635745207 0.009963768115942028 0.01375
0 0.15744932689808475 0.4544600340136054 0.010869565217391304 0.015
0 0.1743496970593245 0.5170265151515152 0.009963768115942028 0.01375
0 0.14474408010898704 0.5154147340754484 0.009963768115942028 0.01375
0 0.21260828112536198 0.546270485466914 0.009963768115942028 0.01375
0 0.21782851810025736 0.5244608070500928 0.009963768115942028 0.01375
0 0.21477726466080513 0.6325212585034014 0.009963768115942028 0.01375
0 0.25272607396054614 0.600284090909091 0.009963768115942028 0.01375
0 0.35632192600360313 0.3500506338899197 0.009963768115942028 0.01375
0 0.35632192600360313 0.3500506338899197 0.009963768115942028 0.01375
0 0.4371535340091242 0.4937697124304268 0.009963768115942028 0.01375
0 0.45305287793641846 0.5352833178726036 0.009963768115942028 0.01375
0 0.5088078544988484 0.2971223716759431 0.009963768115942028 0.01375
0 0.5260179994263846 0.2833723716759431 0.009963768115942028 0.01375
0 0.5422512054887832 0.3264977581941868 0.009963768115942028 0.01375
0 0.522037421688043 0.3388663419913421 0.010869565217391304 0.015
0 0.49252703387020164 0.3611035095856525 0.010869565217391304 0.015
0 0.4935521474729551 0.38857104205318493 0.009963768115942028 0.01375
0 0.5098564952990421 0.39357104205318494 0.009963768115942028 0.01375
0 0.5424181365563354 0.42337391774891786 0.009963768115942028 0.01375
0 0.5330263034067383 0.4563021799628943 0.009963768115942028 0.01375
0 0.6123560919756573 0.4576178880643167 0.010869565217391304 0.015
0 0.5755993273462219 0.3243595392702537 0.009963768115942028 0.01375
0 0.5673278369318744 0.2488323283858999 0.010869565217391304 0.015
0 0.5858969575972683 0.2488323283858999 0.009963768115942028 0.01375
0 0.6301146446720983 0.2631087662337663 0.009963768115942028 0.01375
0 0.6511389964417916 0.19846977427334578 0.010869565217391304 0.015
0 0.6560494586503905 0.09613288497217085 0.009963768115942028 0.01375
0 0.6459187594668964 0.06889571737786028 0.009963768115942028 0.01375
0 0.593524811110215 0.11837005256648127 0.009963768115942028 0.01375
0 0.5912841256397158 0.04856640383426111 0.009963768115942028 0.01375
0 0.5534546328412789 0.03952033085961673 0.010869565217391304 0.015
0 0.6751428997158812 0.2081079931972789 0.010869565217391304 0.015
0 0.6952138398178772 0.18182475262832412 0.009963768115942028 0.01375
0 0.7620529272314988 0.06373106060606076 0.009963768115942028 0.01375
0 0.8173311979600802 0.06669179035250479 0.010869565217391304 0.015
0 0.8182369950615295 0.0891917903525048 0.009963768115942028 0.01375
0 0.9142049935916398 0.34011634199134205 0.009963768115942028 0.01375
0 0.8549937596909649 0.302714517625232 0.010869565217391304 0.015
0 0.8346130448226723 0.3413663419913421 0.009963768115942028 0.01375
0 0.8321101991521248 0.3864985312306742 0.009963768115942028 0.01375
0 0.8351373652227692 0.4252160636982066 0.009963768115942028 0.01375
0 0.8841226708074535 0.4594600340136054 0.009963768115942028 0.01375
0 0.9004270186335405 0.4544600340136054 0.009963768115942028 0.01375
0 0.9484589125505275 0.41837391774891786 0.010869565217391304 0.015
0 0.9574216544325241 0.22820694186765622 0.009963768115942028 0.01375
0 0.9307479744203347 0.21156192022263454 0.009963768115942028 0.01375
0 0.8456495411076157 0.487947201607916 0.009963768115942028 0.01375
0 0.8267230311096774 0.47123647186147194 0.009963768115942028 0.01375
