0 0.8231950718363764 0.9671641156462585 0.010869565217391304 0.015
0 0.8196194979968273 0.8651232993197279 0.009963768115942028 0.01375
0 0.8265561000421251 0.8317018398268398 0.010869565217391304 0.015
0 0.830775310783075 0.7513717532467532 0.009963768115942028 0.01375
0 0.8666738928773092 0.7712403370439085 0.010869565217391304 0.015
0 0.9160165877945383 0.7903853586889301 0.009963768115942028 0.01375
0 0.8340887244225755 0.7084434910327766 0.010869565217391304 0.015
0 0.6966439573194232 0.8150568181818181 0.009963768115942028 0.01375
0 0.7178828547229169 0.8512086425479282 0.009963768115942028 0.01375
0 0.7052969244351233 0.8841036641929498 0.009963768115942028 0.01375
0 0.682842455163884 0.8815379560915275 0.009963768115942028 0.01375
0 0.6363123806834988 0.8129185992578849 0.010869565217391304 0.015
0 0.5618930543231788 0.8675575912183056 0.010869565217391304 0.015
0 0.5891386693017129 0.8852879560915276 0.010869565217391304 0.015
0 0.4949346504082531 0.9557494588744588 0.010869565217391304 0.015
0 0.4328390941356781 0.9609798237476808 0.010869565217391304 0.015
0 0.4350797796061773 0.9310779993815708 0.009963768115942028 0.01375
0 0.4602040256155165 0.8997290507111936 0.010869565217391304 0.015
0 0.41095655983078355 0.9102554885590599 0.010869565217391304 0.015
0 0.4700725645989623 0.8472939857761286 0.009963768115942028 0.01375
0 0.48458940559095853 0.7884117965367966 0.009963768115942028 0.01375
0 0.5166502536455954 0.7405492424242425 0.009963768115942028 0.01375
0 0.6088281327023564 0.6778838126159554 0.009963768115942028 0.01375
0 0.6404122749231447 0.6301202071737786 0.009963768115942028 0.01375
0 0.6408413661907453 0.5720929962894249 0.009963768115942028 0.01375
0 0.6167898483504075 0.53705975572047 0.009963768115942028 0.01375
0 0.5948120849130167 0.5175529529993816 0.010869565217391304 0.015
0 0.5701645447375263 0.5074540043290043 0.009963768115942028 0.01375
0 0.5471616676973822 0.435972866419295 0.010869565217391304 0.015
0 0.5272100440966903 0.437222866419295 0.009963768115942028 0.01375
0 0.5113107001693961 0.5003157854050712 0.009963768115942028 0.01375
0 0.5543128153764803 0.39172889610389616 0.009963768115942028 0.01375
0 0.4985578388140502 0.3913671150278293 0.010869565217391304 0.015
0 0.42504430955517924 0.4031435528756958 0.009963768115942028 0.01375
0 0.4133641763688349 0.3763338744588745 0.009963768115942028 0.01375
0 0.4613719829170141 0.31692524737167604 0.009963768115942028 0.01375
0 0.469166767497513 0.29057629870129875 0.009963768115942028 0.01375
0 0.6136433657784591 0.22277945269016697 0.009963768115942028 0.01375
0 0.629947713604546 0.23402945269016698 0.009963768115942028 0.01375
0 0.5379843801815852 0.18521297155225738 0.010869565217391304 0.015
0 0.9719861099907685 0.7127856369820655 0.010869565217391304 0.015
0 0.937946736665681 0.6044291125541126 0.009963768115942028 0.01375
0 0.905838274044796 0.6072908936301793 0.009963768115942028 0.01375
0 0.8817150542694022 0.6081791125541125 0.009963768115942028 0.01375
0 0.7943283209199359 0.4847893475572047 0.010869565217391304 0.015
0 0.7832918246349925 0.4116631880024738 0.010869565217391304 0.015
0 0.7479175629408551 0.3746563852813853 0.009963768115942028 0.01375
0 0.8032910628019325 0.3352477581941868 0.010869565217391304 0.015
0 0.8731814036550064 0.36942602040816325 0.009963768115942028 0.01375
0 0.9016190633038461 0.30301059059987634 0.009963768115942028 0.01375
0 0.9168271557634913 0.21768050401978983 0.010869565217391304 0.015
0 0.9327264996907855 0.16070616883116884 0.009963768115942028 0.01375
0 0.9004987205685965 0.14001507421150294 0.010869565217391304 0.015
0 0.9404971969024766 0.4319267934446506 0.009963768115942028 0.01375
0 0.9205696606705925 0.4194267934446506 0.009963768115942028 0.01375
0 0.9834516975433125 0.5114343692022263 0.009963768115942028 0.01375
0 0.9680531468186749 0.5064343692022263 0.009963768115942028 0.01375
0 0.8823586911708031 0.11386324984539285 0.009963768115942028 0.01375
0 0.8361624788255224 0.0853760822510823 0.009963768115942028 0.01375
0 0.8446961294399185 0.051888914656771874 0.009963768115942028 0.01375
0 0.7709204399809991 0.244029452690167 0.010869565217391304 0.015
0 0.7275368480725625 0.11962005256648127 0.009963768115942028 0.01375
0 0.5011800009859019 0.15577187693259134 0.009963768115942028 0.01375
0 0.4758412093427623 0.1057053957946816 0.010869565217391304 0.015
0 0.5049701204592512 0.027447820037105827 0.010869565217391304 0.015
0 0.4059508684896885 0.07376430117501556 0.010869565217391304 0.015
0 0.3771793467057444 0.08965252009894882 0.009963768115942028 0.01375
0 0.36721557858980236 0.09090252009894882 0.010869565217391304 0.015
0 0.38540322255384374 0.027743893011750204 0.010869565217391304 0.015
0 0.3483842977243599 0.028697820037105828 0.010869565217391304 0.015
0 0.3323656372957617 0.10054073902288195 0.009963768115942028 0.01375
0 0.27684929373593986 0.11034361471861487 0.009963768115942028 0.01375
0 0.38011128364389246 0.17396297155225737 0.010869565217391304 0.015
0 0.37377070393374756 0.1952129715522574 0.009963768115942028 0.01375
0 0.3539860114006078 0.28695771490414357 0.009963768115942028 0.01375
0 0.33942155584236344 0.3313663419913421 0.010869565217391304 0.015
0 0.33126938192931993 0.3563663419913421 0.009963768115942028 0.01375
0 0.27401258593028793 0.27475378787878796 0.009963768115942028 0.01375
0 0.2706515577245392 0.46439432591218305 0.010869565217391304 0.015
0 0.3087432107230245 0.5804155071119357 0.009963768115942028 0.01375
0 0.29374966389717955 0.6315016233766234 0.009963768115942028 0.01375
0 0.24462151461375073 0.6109094774273346 0.009963768115942028 0.01375
0 0.23484820476280116 0.5615665584415584 0.010869565217391304 0.015
0 0.20476588197861495 0.5713694341372912 0.009963768115942028 0.01375
0 0.21127339275631207 0.6208437693259122 0.009963768115942028 0.01375
0 0.15792603273193342 0.5822576530612245 0.009963768115942028 0.01375
0 0.22838830855135211 0.7390688775510205 0.010869565217391304 0.015
0 0.24803015738574757 0.7562403370439086 0.009963768115942028 0.01375
0 0.2794949831052317 0.7839049938157081 0.009963768115942028 0.01375
0 0.23794707276850144 0.8462743506493505 0.010869565217391304 0.015
0 0.25992483620589224 0.8509125695732839 0.009963768115942028 0.01375
0 0.17008287175212647 0.5224872448979592 0.010869565217391304 0.015
0 0.42878681446228045 0.721042439703154 0.009963768115942028 0.01375
0 0.36209057074740314 0.6594955936920224 0.009963768115942028 0.01375
0 0.3872148167567423 0.5961066017316018 0.009963768115942028 0.01375
0 0.4491434419617651 0.5750537260358689 0.009963768115942028 0.01375
0 0.4237811231211854 0.5613037260358689 0.010869565217391304 0.015
0 0.5106670632679952 0.5742969233147804 0.009963768115942028 0.01375
0 0.4191804356788831 0.8297939857761285 0.009963768115942028 0.01375
0 0.405569391788336 0.7247267316017316 0.009963768115942028 0.01375
