0 0.885076082475151 0.7049895640074212 0.009963768115942028 0.01375
0 0.8704640123506586 0.5494283395176253 0.009963768115942028 0.01375
0 0.8169497212587277 0.3812024582560298 0.010869565217391304 0.015
0 0.7638645214343973 0.30205666357452077 0.009963768115942028 0.01375
0 0.6734982365805348 0.249490182436611 0.010869565217391304 0.015
0 0.5689248855009726 0.3678799474335189 0.009963768115942028 0.01375
0 0.662819129628136 0.6830484693877551 0.010869565217391304 0.015
0 0.7463205143717566 0.7093317099567099 0.009963768115942028 0.01375
0 0.7497291571437537 0.8583468614718615 0.009963768115942028 0.01375
0 0.720075925627168 0.8997290507111936 0.009963768115942028 0.01375
0 0.644250008962742 0.8576890074211502 0.009963768115942028 0.01375
0 0.6208421280238051 0.7436413883735312 0.009963768115942028 0.01375
0 0.5696161369686216 0.7253845856524427 0.009963768115942028 0.01375
0 0.34006519274376423 0.7618981910946196 0.009963768115942028 0.01375
0 0.38540322255384374 0.37478780148423013 0.009963768115942028 0.01375
0 0.42440067265377834 0.5454479746444032 0.009963768115942028 0.01375
0 0.39453289550339254 0.9270976345083487 0.010869565217391304 0.015
0 0.33110245086176776 0.9539073129251701 0.009963768115942028 0.01375
