0 0.8637895705054093 0.31008310142238715 0.009963768115942028 0.01375
0 0.926528763679385 0.30580666357452074 0.009963768115942028 0.01375
0 0.6477779682360428 0.5623890692640693 0.010869565217391304 0.015
0 0.6208897425900534 0.632916280148423 0.009963768115942028 0.01375
0 0.5814155866562701 0.3395241960420532 0.010869565217391304 0.015
0 0.5922851518736614 0.32077419604205315 0.009963768115942028 0.01375
0 0.4167728191408317 0.2757077149041436 0.009963768115942028 0.01375
0 0.37579684377044636 0.12646219851577 0.009963768115942028 0.01375
0 0.5097612661665458 0.14215329313543607 0.009963768115942028 0.01375
0 0.4988917009491546 0.16340329313543606 0.009963768115942028 0.01375
0 0.2970630775366801 0.42705820964749536 0.010869565217391304 0.015
0 0.28030555107418476 0.3778799474335189 0.009963768115942028 0.01375
0 0.3214960720783704 0.7133777829313545 0.009963768115942028 0.01375
0 0.5240635615247418 0.30676059059987637 0.009963768115942028 0.01375
