0 0.6798388162906797 0.9818023345701917 0.010869565217391304 0.015
0 0.6813406357272819 0.9437426561533704 0.009963768115942028 0.01375
0 0.6717342569438844 0.5340333178726037 0.010869565217391304 0.015
0 0.7068939730042216 0.5271911719233148 0.009963768115942028 0.01375
0 0.5397483598182358 0.5089343692022263 0.009963768115942028 0.01375
0 0.5473762133311824 0.45018359616573905 0.009963768115942028 0.01375
0 0.5538837241088794 0.3477809987631417 0.010869565217391304 0.015
0 0.5671132912980741 0.29653022572665433 0.009963768115942028 0.01375
0 0.6748807395158328 0.2727469851576996 0.010869565217391304 0.015
0 0.6773835851863802 0.07455357142857152 0.010869565217391304 0.015
0 0.6036078957274611 0.1245543444650589 0.009963768115942028 0.01375
0 0.5525012211735817 0.09304073902288196 0.009963768115942028 0.01375
0 0.5426802967563837 0.05652713358070514 0.009963768115942028 0.01375
0 0.41629611330698296 0.3488006338899197 0.009963768115942028 0.01375
0 0.3483842977243599 0.38156423933209654 0.010869565217391304 0.015
0 0.24419242334615018 0.5824880179344465 0.010869565217391304 0.015
0 0.23901980093750289 0.44768359616573905 0.009963768115942028 0.01375
0 0.38044514577899685 0.6987395640074212 0.009963768115942028 0.01375
0 0.3093868476244254 0.764694264069264 0.009963768115942028 0.01375
