0 0.6603638985238366 0.4940657854050711 0.009963768115942028 0.01375
0 0.6703993685748346 0.4609403988868274 0.009963768115942028 0.01375
0 0.6445838710978465 0.3960053339517626 0.009963768115942028 0.01375
0 0.6679917520367833 0.3669917285095858 0.009963768115942028 0.01375
0 0.6795766560906313 0.3277477581941868 0.009963768115942028 0.01375
0 0.9104148741182905 0.3209713203463204 0.009963768115942028 0.01375
0 0.8834790339060528 0.20465406617192344 0.010869565217391304 0.015
0 0.8463884071415129 0.09017895794681521 0.009963768115942028 0.01375
0 0.8328014506197737 0.09267895794681522 0.009963768115942028 0.01375
0 0.7374530016222565 0.25067447433518864 0.009963768115942028 0.01375
0 0.7425303948984073 0.16297580395794684 0.009963768115942028 0.01375
0 0.6890161038064767 0.14524543908472481 0.010869565217391304 0.015
0 0.5977916364174128 0.28945771490414357 0.009963768115942028 0.01375
0 0.5722382991404732 0.28314200680272106 0.009963768115942028 0.01375
0 0.5328117577729381 0.2742273500309216 0.010869565217391304 0.015
0 0.5418221142211828 0.07264571737786028 0.010869565217391304 0.015
0 0.5133368400060948 0.06705357142857153 0.010869565217391304 0.015
0 0.4814905375852581 0.0678760822510823 0.010869565217391304 0.015
0 0.4003967693796887 0.06396142547928278 0.010869565217391304 0.015
0 0.3045239999820747 0.09208681199752633 0.010869565217391304 0.015
0 0.22850762505265623 0.2955762987012987 0.009963768115942028 0.01375
0 0.33851575874091416 0.4561375231910947 0.009963768115942028 0.01375
0 0.37157763302949653 0.5073225881261596 0.010869565217391304 0.015
0 0.4050926859544873 0.4826511286332715 0.010869565217391304 0.015
0 0.4078100772588351 0.41153177179962896 0.009963768115942028 0.01375
0 0.44718900406012224 0.3948867501546073 0.009963768115942028 0.01375
0 0.49328998727290674 0.40189355287569584 0.010869565217391304 0.015
0 0.5767672846477195 0.44340715831787264 0.010869565217391304 0.015
0 0.6244653164296022 0.6387387909709338 0.009963768115942028 0.01375
0 0.592189922741165 0.6721602504638219 0.010869565217391304 0.015
0 0.45577026924076625 0.6892327612863326 0.009963768115942028 0.01375
0 0.3797538943113478 0.7662403370439086 0.010869565217391304 0.015
0 0.2792328229051832 0.7136081478045765 0.009963768115942028 0.01375
0 0.22781637358500723 0.7318649505256647 0.009963768115942028 0.01375
0 0.2775881597698369 0.8070303803339517 0.010869565217391304 0.015
0 0.3782996894409939 0.9034790507111936 0.010869565217391304 0.015
0 0.44142035931632223 0.8312411100803958 0.010869565217391304 0.015
0 0.4752451870076096 0.7915039424860854 0.009963768115942028 0.01375
0 0.6482070595036437 0.8063068181818182 0.009963768115942028 0.01375
0 0.684963824133079 0.7535099721706865 0.009963768115942028 0.01375
0 0.8180700639939773 0.6721602504638219 0.009963768115942028 0.01375
0 0.776522153657247 0.5150529529993816 0.009963768115942028 0.01375
0 0.7174537634553164 0.9530190940012367 0.009963768115942028 0.01375
