0 0.27534747429933776 0.2399833797155226 0.009963768115942028 0.01375
0 0.30697923108637404 0.21429228509585654 0.010869565217391304 0.015
0 0.4286198833947283 0.2179765769944342 0.009963768115942028 0.01375
0 0.4833021317881567 0.2925498608534323 0.010869565217391304 0.015
0 0.6211042882238536 0.20251584724799016 0.009963768115942028 0.01375
0 0.6374803379849965 0.2930762987012987 0.009963768115942028 0.01375
0 0.665703452000036 0.28600378787878794 0.010869565217391304 0.015
0 0.7362374297545107 0.23159516079158948 0.009963768115942028 0.01375
0 0.7511116600790516 0.40689355287569584 0.009963768115942028 0.01375
0 0.7049154477337709 0.438472866419295 0.009963768115942028 0.01375
0 0.7580482621243493 0.4937697124304268 0.010869565217391304 0.015
0 0.775020334220645 0.43788072047000626 0.010869565217391304 0.015
0 0.7941137752861358 0.45768359616573906 0.009963768115942028 0.01375
0 0.8388798701298703 0.42103857452071736 0.009963768115942028 0.01375
0 0.861501270468662 0.4057092609771182 0.009963768115942028 0.01375
0 0.48778350272915505 0.5392636827458257 0.009963768115942028 0.01375
0 0.46959585876511356 0.6737720315398886 0.010869565217391304 0.015
0 0.5110961545355956 0.7253845856524427 0.009963768115942028 0.01375
0 0.5059235321269484 0.5720272881880024 0.010869565217391304 0.015
0 0.7836015994012889 0.7247267316017316 0.009963768115942028 0.01375
0 0.8150905124895809 0.6230476963512678 0.009963768115942028 0.01375
0 0.8577111509953127 0.6357123531230674 0.009963768115942028 0.01375
0 0.8500832974823659 0.6839366883116884 0.009963768115942028 0.01375
0 0.863670254004105 0.7076866883116883 0.009963768115942028 0.01375
0 0.8263415544083248 0.7817010667903526 0.009963768115942028 0.01375
0 0.8837411941061012 0.6360084260977118 0.010869565217391304 0.015
0 0.9249317151102867 0.5837380179344465 0.009963768115942028 0.01375
0 0.9820691946080148 0.6778181045145331 0.010869565217391304 0.015
0 0.9471716387477259 0.7827864100185528 0.010869565217391304 0.015
0 0.3815654885142464 0.02817138218923944 0.009963768115942028 0.01375
