0 0.421945441549479 0.2553784013605443 0.010869565217391304 0.015
0 0.44563957005727206 0.2943920068027211 0.009963768115942028 0.01375
0 0.6211042882238536 0.3061027365491651 0.009963768115942028 0.01375
0 0.6181723512857055 0.25169410946196663 0.009963768115942028 0.01375
0 0.6728545996791339 0.31781346629560914 0.010869565217391304 0.015
0 0.7243903655006141 0.28629986085343234 0.009963768115942028 0.01375
0 0.9039073633405934 0.6282780612244898 0.010869565217391304 0.015
0 0.8180700639939773 0.6747259585652443 0.009963768115942028 0.01375
0 0.950914143654827 0.7498913883735312 0.010869565217391304 0.015
0 0.9224764840059873 0.7990039424860853 0.009963768115942028 0.01375
