0 0.26681382368494183 0.26077342300556594 0.010869565217391304 0.015
0 0.3015920630439265 0.3276820500927644 0.009963768115942028 0.01375
0 0.3631632989164046 0.4263346474953619 0.009963768115942028 0.01375
0 0.3959153984386905 0.41403177179962897 0.010869565217391304 0.015
0 0.49834329318024984 0.426992501546073 0.009963768115942028 0.01375
0 0.5540982697426798 0.3421888528138528 0.009963768115942028 0.01375
0 0.5924044683749654 0.36544565553494124 0.010869565217391304 0.015
0 0.5318583461052406 0.09067215522572682 0.009963768115942028 0.01375
0 0.5847766148620187 0.07359964440321591 0.009963768115942028 0.01375
0 0.6899219009079259 0.38156423933209654 0.010869565217391304 0.015
0 0.7134014837819187 0.3382084879406308 0.009963768115942028 0.01375
0 0.7440798289012576 0.31442524737167604 0.010869565217391304 0.015
0 0.9545373320606241 0.3564652906617192 0.009963768115942028 0.01375
0 0.953798466026727 0.5107765151515151 0.010869565217391304 0.015
0 0.6990515738574747 0.5129804421768708 0.009963768115942028 0.01375
0 0.7013398738942218 0.5791655071119357 0.010869565217391304 0.015
0 0.7169770576214677 0.6078830395794682 0.009963768115942028 0.01375
0 0.7062979506690689 0.6403505720470005 0.010869565217391304 0.015
0 0.6860365523020805 0.7488717532467533 0.009963768115942028 0.01375
0 0.34597668118630864 0.6939366883116884 0.009963768115942028 0.01375
0 0.3586819279754064 0.6382123531230675 0.010869565217391304 0.015
0 0.3703620611617507 0.8394979128014842 0.010869565217391304 0.015
0 0.8506076178824629 0.7928853586889301 0.009963768115942028 0.01375
0 0.8072957279090822 0.21916086889301184 0.010869565217391304 0.015
0 0.7964261626916909 0.23791086889301183 0.010869565217391304 0.015
