0 0.3854508371200919 0.3666956555349412 0.009963768115942028 0.01375
0 0.5671132912980741 0.36876816635745213 0.010869565217391304 0.015
0 0.6670383403690858 0.25442447433518867 0.010869565217391304 0.015
0 0.7595500815609513 0.29830666357452074 0.009963768115942028 0.01375
0 0.8144468755881802 0.38929460420531853 0.009963768115942028 0.01375
0 0.8698203754492576 0.551040120593692 0.009963768115942028 0.01375
0 0.8890807475823006 0.7102199288806432 0.009963768115942028 0.01375
0 0.7406711861292609 0.7087395640074212 0.010869565217391304 0.015
0 0.65850468975469 0.6842984693877551 0.009963768115942028 0.01375
0 0.617218939618008 0.7437070964749536 0.009963768115942028 0.01375
0 0.7486088144085039 0.8667350803957946 0.009963768115942028 0.01375
0 0.6426529603936437 0.8614390074211502 0.010869565217391304 0.015
0 0.5668987456642737 0.7232463667285096 0.010869565217391304 0.015
0 0.33701393930431206 0.7652864100185528 0.009963768115942028 0.01375
0 0.42354249011857714 0.5432440476190477 0.009963768115942028 0.01375
0 0.3945805100696406 0.926966218305504 0.009963768115942028 0.01375
