0 0.801479468599034 0.17248260667903537 0.009963768115942028 0.01375
0 0.7904905868803387 0.25192447433518866 0.010869565217391304 0.015
0 0.8342315681213199 0.3583074366110081 0.009963768115942028 0.01375
0 0.9304858142202864 0.29123415275201 0.009963768115942028 0.01375
0 0.9576838146325725 0.241759817563389 0.009963768115942028 0.01375
0 0.9424281076066792 0.4644600340136054 0.010869565217391304 0.015
0 0.8706309434182108 0.490677566481138 0.009963768115942028 0.01375
0 0.9058858886110441 0.5698233611626469 0.009963768115942028 0.01375
0 0.9717715643569683 0.3914328231292518 0.009963768115942028 0.01375
0 0.963023368108772 0.3645574366110081 0.010869565217391304 0.015
0 0.7718738516486966 0.4261699907235622 0.009963768115942028 0.01375
0 0.6971682777195202 0.39274853123067416 0.010869565217391304 0.015
0 0.6831522299301804 0.42824250154607296 0.009963768115942028 0.01375
0 0.7252961626020633 0.45702574211502794 0.010869565217391304 0.015
0 0.7833394392012406 0.5427176097711812 0.009963768115942028 0.01375
0 0.6623424237942873 0.5173225881261596 0.010869565217391304 0.015
0 0.7317560588135125 0.5065657854050711 0.010869565217391304 0.015
0 0.6000323218879122 0.6401202071737785 0.009963768115942028 0.01375
0 0.7152130779848173 0.7986421614100186 0.009963768115942028 0.01375
0 0.7340443588502595 0.8395636209029065 0.009963768115942028 0.01375
0 0.7102550012099704 0.946176948051948 0.010869565217391304 0.015
0 0.6549291159151409 0.9483808750773036 0.010869565217391304 0.015
0 0.6867754183359775 0.9592033858998144 0.009963768115942028 0.01375
0 0.751493136780404 0.9306505102040816 0.010869565217391304 0.015
0 0.8702494667168582 0.8131489641311069 0.009963768115942028 0.01375
0 0.8788307318975022 0.7485756802721087 0.010869565217391304 0.015
0 0.5690918165685248 0.4337689393939394 0.009963768115942028 0.01375
0 0.579222515752019 0.2788655689548547 0.009963768115942028 0.01375
0 0.6531651362784906 0.17379831478045774 0.009963768115942028 0.01375
0 0.6501855847740944 0.2031079931972789 0.010869565217391304 0.015
0 0.507043874862198 0.09725146876932599 0.009963768115942028 0.01375
0 0.474983026807561 0.4341307204700062 0.009963768115942028 0.01375
0 0.49002418819965415 0.4817629097093383 0.009963768115942028 0.01375
0 0.4740772297061117 0.5207108070500928 0.009963768115942028 0.01375
0 0.47989348901615997 0.5806458719851577 0.009963768115942028 0.01375
0 0.5222519673218432 0.6985091991341992 0.009963768115942028 0.01375
0 0.297635012503025 0.7204502937538652 0.009963768115942028 0.01375
0 0.24957959138859764 0.5618626314162029 0.010869565217391304 0.015
0 0.24979413702239803 0.4965657854050711 0.009963768115942028 0.01375
0 0.30697923108637404 0.4344267934446506 0.009963768115942028 0.01375
0 0.28121134817563403 0.31781346629560914 0.009963768115942028 0.01375
0 0.4199193017127801 0.2921880797773656 0.010869565217391304 0.015
0 0.3921252789653412 0.10790932282003723 0.009963768115942028 0.01375
0 0.36209057074740314 0.03126352813852819 0.009963768115942028 0.01375
0 0.3367517791042637 0.048862476808905486 0.010869565217391304 0.015
0 0.31498856130067326 0.050046768707483126 0.009963768115942028 0.01375
0 0.4142699734702841 0.9536112399505257 0.010869565217391304 0.015
0 0.2432866262447009 0.8417018398268398 0.009963768115942028 0.01375
0 0.27901827727138295 0.8475243506493506 0.009963768115942028 0.01375
0 0.19296643229096655 0.7207463667285096 0.009963768115942028 0.01375
0 0.1772340194312245 0.7269306586270872 0.009963768115942028 0.01375
0 0.2424760582757478 0.24866767161410025 0.010869565217391304 0.015
0 0.2506999341238473 0.21458835807050092 0.009963768115942028 0.01375
0 0.5090224001326488 0.32340561224489806 0.009963768115942028 0.01375
0 0.509975811800346 0.929235853432282 0.009963768115942028 0.01375
