0 0.7501582484113541 0.30801059059987634 0.009963768115942028 0.01375
0 0.7140927352495676 0.33511634199134205 0.009963768115942028 0.01375
0 0.6898742863416778 0.37192602040816325 0.009963768115942028 0.01375
0 0.7958777549227861 0.240509817563389 0.009963768115942028 0.01375
0 0.8175933581601286 0.19853548237476815 0.009963768115942028 0.01375
0 0.9590187030016225 0.3549849257884972 0.010869565217391304 0.015
0 0.9549664233282247 0.5086382962275819 0.009963768115942028 0.01375
0 0.7006010078603246 0.5779155071119357 0.009963768115942028 0.01375
0 0.699957370958924 0.5114343692022263 0.010869565217391304 0.015
0 0.7167625119876675 0.6057448206555349 0.009963768115942028 0.01375
0 0.7042241962661218 0.6424887909709338 0.009963768115942028 0.01375
0 0.6905655378093268 0.7464374613481756 0.009963768115942028 0.01375
0 0.7273223024387623 0.8255832560296845 0.009963768115942028 0.01375
0 0.8454349954738156 0.7798589208410637 0.009963768115942028 0.01375
0 0.5919753771073649 0.3702152906617192 0.009963768115942028 0.01375
0 0.54699473662983 0.3400506338899197 0.010869565217391304 0.015
0 0.500536364084501 0.426992501546073 0.010869565217391304 0.015
0 0.39772699264158906 0.4177160636982066 0.009963768115942028 0.01375
0 0.36502250768555133 0.4300846474953619 0.010869565217391304 0.015
0 0.5302372101673345 0.09435644712430431 0.010869565217391304 0.015
0 0.5901161683382181 0.0729417903525048 0.010869565217391304 0.015
0 0.6399355690892959 0.035474257884972216 0.009963768115942028 0.01375
0 0.35984988527690404 0.6292319882498454 0.009963768115942028 0.01375
0 0.3439505413496098 0.6960749072356215 0.010869565217391304 0.015
0 0.3658806902207524 0.842590058750773 0.009963768115942028 0.01375
0 0.3016396776101747 0.33643205009276445 0.009963768115942028 0.01375
0 0.26819632662023973 0.2619244743351887 0.010869565217391304 0.015
0 0.3338198421661156 0.07330357142857152 0.009963768115942028 0.01375
0 0.36182841054735476 0.06889571737786028 0.009963768115942028 0.01375
