0 0.38738174782429446 0.3197213203463204 0.009963768115942028 0.01375
0 0.4795120123148074 0.31287917439703167 0.010869565217391304 0.015
0 0.5522866755397813 0.3472545609152752 0.009963768115942028 0.01375
0 0.28409567054753404 0.7693324829931973 0.010869565217391304 0.015
0 0.379110257409947 0.9288740723562151 0.010869565217391304 0.015
0 0.6110212036066075 0.75423353432282 0.010869565217391304 0.015
0 0.6388152263540463 0.7380492424242425 0.010869565217391304 0.015
0 0.6853929154006796 0.7105817099567099 0.009963768115942028 0.01375
0 0.7201235401934161 0.7186081478045765 0.009963768115942028 0.01375
0 0.7271077568049619 0.4782432745825604 0.009963768115942028 0.01375
0 0.7810987537307416 0.5361715367965368 0.010869565217391304 0.015
0 0.7178828547229169 0.8205832560296845 0.009963768115942028 0.01375
0 0.6908276980093753 0.9085447588126159 0.009963768115942028 0.01375
0 0.6674674316366864 0.9715719696969697 0.009963768115942028 0.01375
0 0.22321568614270484 0.8045303803339517 0.010869565217391304 0.015
