0 0.5417744996549345 0.24741767161410025 0.009963768115942028 0.01375
0 0.5126932031046939 0.2167265769944342 0.009963768115942028 0.01375
0 0.4658057392917643 0.29682629870129873 0.009963768115942028 0.01375
0 0.5628464659908761 0.34291241496598646 0.009963768115942028 0.01375
0 0.592833559642566 0.4823550556586271 0.009963768115942028 0.01375
0 0.5485441706326802 0.47992076376004944 0.009963768115942028 0.01375
0 0.5463034851621809 0.518868661100804 0.009963768115942028 0.01375
0 0.5522390609735331 0.5444940476190476 0.009963768115942028 0.01375
0 0.47028711023276243 0.49590793135436 0.009963768115942028 0.01375
0 0.473481207370959 0.4492953772418059 0.009963768115942028 0.01375
0 0.7265834364048651 0.45452574211502794 0.009963768115942028 0.01375
0 0.7430071007322561 0.3354781230674088 0.009963768115942028 0.01375
0 0.8001445802299841 0.34291241496598646 0.009963768115942028 0.01375
0 0.8001445802299841 0.32791241496598644 0.010869565217391304 0.015
0 0.7712302147472957 0.28998415275200995 0.009963768115942028 0.01375
0 0.8019085598666345 0.535579390847248 0.010869565217391304 0.015
0 0.723532182965413 0.6839366883116884 0.009963768115942028 0.01375
0 0.6852259843331274 0.6876866883116883 0.009963768115942028 0.01375
0 0.6437256885626452 0.7340688775510205 0.010869565217391304 0.015
0 0.6067543782994095 0.7588060451453308 0.009963768115942028 0.01375
0 0.5613446465542741 0.7182463667285096 0.009963768115942028 0.01375
0 0.5419890452887349 0.6848906153370439 0.009963768115942028 0.01375
0 0.4815381521515063 0.6987395640074212 0.009963768115942028 0.01375
0 0.46313596255366457 0.7080817099567099 0.010869565217391304 0.015
0 0.44499593315587116 0.6989366883116884 0.009963768115942028 0.01375
0 0.4536489002715712 0.6692984693877552 0.009963768115942028 0.01375
0 0.7447710803689067 0.8162411100803958 0.010869565217391304 0.015
0 0.6741418734819357 0.8716036641929499 0.009963768115942028 0.01375
0 0.9050277060758428 0.868050788497217 0.009963768115942028 0.01375
0 0.37677434280695166 0.911932977736549 0.009963768115942028 0.01375
0 0.23208319889220524 0.7887735776128634 0.010869565217391304 0.015
0 0.2704370120907389 0.7398913883735312 0.009963768115942028 0.01375
0 0.32080482061072135 0.7692667748917748 0.010869565217391304 0.015
0 0.38833515949199193 0.31988597711812006 0.009963768115942028 0.01375
0 0.7607180388624489 0.05830357142857153 0.009963768115942028 0.01375
0 0.7947097976212885 0.04629676870748312 0.010869565217391304 0.015
0 0.45546049447446973 0.18014726345083487 0.010869565217391304 0.015
0 0.442063996217723 0.18050904452690175 0.010869565217391304 0.015
0 0.3174437924049726 0.05682320655534952 0.009963768115942028 0.01375
0 0.9334653657246825 0.8229843073593074 0.009963768115942028 0.01375
0 0.6593628722898911 0.9388083642547927 0.009963768115942028 0.01375
