0 0.7600267873948 0.06711927952999389 0.009963768115942028 0.01375
0 0.6493274022388931 0.17689046072974648 0.009963768115942028 0.01375
0 0.39052823039624296 0.3994592609771182 0.009963768115942028 0.01375
0 0.16486263477723115 0.3926828231292518 0.009963768115942028 0.01375
0 0.38135094288044613 0.7903196505875077 0.010869565217391304 0.015
0 0.4270704493918781 0.7779510667903525 0.009963768115942028 0.01375
0 0.5693539767685731 0.961637677798392 0.009963768115942028 0.01375
0 0.65850468975469 0.8552547155225726 0.009963768115942028 0.01375
0 0.732232764647361 0.7235424397031539 0.010869565217391304 0.015
0 0.8162584697910787 0.6752523964131106 0.010869565217391304 0.015
0 0.8666738928773092 0.5710076530612245 0.009963768115942028 0.01375
0 0.9110585110196913 0.795615723562152 0.009963768115942028 0.01375
0 0.6905655378093268 0.3499849257884972 0.010869565217391304 0.015
0 0.7304687850107107 0.3005105905998764 0.009963768115942028 0.01375
0 0.9670756477821698 0.36889958256029687 0.009963768115942028 0.01375
0 0.9291509258512366 0.46505217996289433 0.009963768115942028 0.01375
