0 0.24505060588135127 0.0673496444032159 0.009963768115942028 0.01375
0 0.32244948374606774 0.33245168521954244 0.009963768115942028 0.01375
0 0.23101047072320377 0.49001971243042675 0.009963768115942028 0.01375
0 0.28697999291943405 0.5810076530612245 0.009963768115942028 0.01375
0 0.26125972457494206 0.6830484693877551 0.010869565217391304 0.015
0 0.25463289729594085 0.7120620748299319 0.009963768115942028 0.01375
0 0.47054927043281103 0.48640112863327145 0.010869565217391304 0.015
0 0.5713325020390239 0.9561112399505256 0.009963768115942028 0.01375
0 0.6170996231167041 0.8410439857761286 0.010869565217391304 0.015
0 0.8126352813852816 0.9529533858998144 0.009963768115942028 0.01375
0 0.851585116918968 0.5991987476808905 0.009963768115942028 0.01375
0 0.7785959080601939 0.48021683673469395 0.009963768115942028 0.01375
0 0.8319432680845726 0.3889985312306742 0.010869565217391304 0.015
0 0.5822737691914712 0.5673233611626469 0.009963768115942028 0.01375
0 0.5940491315103118 0.5798233611626469 0.009963768115942028 0.01375
