0 0.5361727859786867 0.09488288497217084 0.009963768115942028 0.01375
0 0.5604388494528247 0.09031037414965994 0.009963768115942028 0.01375
0 0.29460784643238075 0.3113988095238096 0.010869565217391304 0.015
0 0.26857780332159226 0.2659048392084107 0.009963768115942028 0.01375
0 0.3625196620150038 0.435972866419295 0.010869565217391304 0.015
0 0.3916485731314925 0.41741999072356223 0.009963768115942028 0.01375
0 0.49290851057155416 0.4291307204700063 0.009963768115942028 0.01375
0 0.6898742863416778 0.38524853123067415 0.010869565217391304 0.015
0 0.719265357658215 0.3354781230674088 0.010869565217391304 0.015
0 0.9504850523872265 0.5151843692022263 0.009963768115942028 0.01375
0 0.9493647096519768 0.3543270717377861 0.010869565217391304 0.015
0 0.6990515738574747 0.5157108070500928 0.009963768115942028 0.01375
0 0.703532944798473 0.589034090909091 0.009963768115942028 0.01375
0 0.7174537634553164 0.614955550401979 0.010869565217391304 0.015
0 0.7053445390013714 0.6459427179962894 0.009963768115942028 0.01375
0 0.6874190552373782 0.7495296072974645 0.009963768115942028 0.01375
0 0.8606430879334607 0.8060764533085961 0.009963768115942028 0.01375
0 0.3688126271589006 0.8521625695732838 0.009963768115942028 0.01375
