0 0.3856653827538922 0.15626507421150293 0.010869565217391304 0.015
0 0.310554804925923 0.04577033085961674 0.009963768115942028 0.01375
0 0.42611703772418075 0.2723194959802103 0.009963768115942028 0.01375
0 0.642176254559795 0.631435915275201 0.009963768115942028 0.01375
0 0.6582901441208897 0.5810076530612245 0.009963768115942028 0.01375
0 0.7232224081991164 0.9669994588744588 0.009963768115942028 0.01375
0 0.898043489464297 0.2980105905998764 0.010869565217391304 0.015
0 0.9184718188988377 0.30978702844774275 0.009963768115942028 0.01375
0 0.32960063142516566 0.7169306586270872 0.009963768115942028 0.01375
0 0.6227489513591998 0.7111081478045764 0.009963768115942028 0.01375
0 0.6157647347476543 0.6882788342609771 0.009963768115942028 0.01375
