0 0.7046532875337226 0.5246911719233148 0.010869565217391304 0.015
0 0.67850392792163 0.5263686611008039 0.009963768115942028 0.01375
0 0.5393192685506353 0.5040657854050711 0.009963768115942028 0.01375
0 0.5468995074973338 0.4548218150896723 0.009963768115942028 0.01375
0 0.5545749755765286 0.34909670686456407 0.009963768115942028 0.01375
0 0.5631086261909244 0.2971223716759431 0.009963768115942028 0.01375
0 0.6753098307834333 0.27031269325912194 0.009963768115942028 0.01375
0 0.6770738104200839 0.07205357142857154 0.009963768115942028 0.01375
0 0.6015817558907621 0.12182397959183688 0.010869565217391304 0.015
0 0.5531924726412306 0.08965252009894882 0.009963768115942028 0.01375
0 0.4122914481998334 0.3505770717377861 0.009963768115942028 0.01375
0 0.3514831657300603 0.38126816635745214 0.010869565217391304 0.015
0 0.2360878639993548 0.4523218150896723 0.010869565217391304 0.015
0 0.24419242334615018 0.5763694341372912 0.009963768115942028 0.01375
0 0.3786335515760983 0.6991013450834879 0.009963768115942028 0.01375
0 0.3096490078244738 0.7606481910946197 0.009963768115942028 0.01375
0 0.5447064365930827 0.0648496444032159 0.009963768115942028 0.01375
