0 0.36855046695885213 0.7838392857142857 0.009963768115942028 0.01375
0 0.4261646522904288 0.7723589208410637 0.010869565217391304 0.015
0 0.5702597738700225 0.9597298237476808 0.010869565217391304 0.015
0 0.6537611586136433 0.8543007884972169 0.010869565217391304 0.015
0 0.7292532131429648 0.719792439703154 0.009963768115942028 0.01375
0 0.865815710342108 0.5701194341372913 0.009963768115942028 0.01375
0 0.8149235814220287 0.6703181045145331 0.009963768115942028 0.01375
0 0.9068393002787414 0.7908460884353741 0.009963768115942028 0.01375
0 0.9280781976822351 0.45821003401360544 0.009963768115942028 0.01375
0 0.9652640535792713 0.36419565553494126 0.009963768115942028 0.01375
0 0.6903033776092783 0.3432084879406308 0.009963768115942028 0.01375
0 0.7295629879092613 0.29248415275200995 0.010869565217391304 0.015
0 0.645060576931695 0.17396297155225737 0.010869565217391304 0.015
0 0.7568803048228516 0.05998106060606077 0.009963768115942028 0.01375
0 0.3938416440357435 0.40113675015460726 0.010869565217391304 0.015
0 0.17163230575497668 0.3898867501546073 0.010869565217391304 0.015
