0 0.55853202611743 0.9465387291280147 0.009963768115942028 0.01375
0 0.6504001304078946 0.8435439857761285 0.009963768115942028 0.01375
0 0.7248670713344628 0.7055817099567099 0.010869565217391304 0.015
0 0.8106567561148307 0.6545613017934445 0.010869565217391304 0.015
0 0.86154888503491 0.5605469233147804 0.010869565217391304 0.015
0 0.9294607006175332 0.448933596165739 0.010869565217391304 0.015
0 0.968672696351268 0.3586692176870748 0.009963768115942028 0.01375
0 0.9310101346203833 0.7445953153988867 0.009963768115942028 0.01375
0 0.9471240241814777 0.7136738559059986 0.009963768115942028 0.01375
0 0.8949446214585969 0.7853853586889301 0.010869565217391304 0.015
0 0.6748331249495848 0.3314977581941868 0.010869565217391304 0.015
0 0.732232764647361 0.27001662028447754 0.010869565217391304 0.015
0 0.6419617089259949 0.17902867965367975 0.010869565217391304 0.015
0 0.7588112155270542 0.04718498763141625 0.009963768115942028 0.01375
0 0.39794153827538936 0.3998210420531849 0.009963768115942028 0.01375
0 0.4122914481998334 0.7568981910946196 0.009963768115942028 0.01375
0 0.3484319122906081 0.7649903370439085 0.010869565217391304 0.015
0 0.1665072979125775 0.37176136363636375 0.009963768115942028 0.01375
