0 0.8102276648472302 0.04261247680890548 0.009963768115942028 0.01375
0 0.7575239417242523 0.05991535250463827 0.009963768115942028 0.01375
0 0.8068666366414814 0.3175173933209648 0.009963768115942028 0.01375
0 0.8054841337061837 0.34445848794063083 0.010869565217391304 0.015
0 0.736451975388311 0.33863597711812005 0.009963768115942028 0.01375
0 0.7701098720120461 0.28623415275201 0.010869565217391304 0.015
0 0.7284902597402599 0.45643359616573903 0.009963768115942028 0.01375
0 0.8103945959147824 0.5411715367965368 0.010869565217391304 0.015
0 0.7891080839450406 0.5801194341372913 0.009963768115942028 0.01375
0 0.7754970400544937 0.6008105287569573 0.009963768115942028 0.01375
0 0.7261067305710164 0.6820288342609772 0.009963768115942028 0.01375
0 0.6905655378093268 0.6846602504638218 0.010869565217391304 0.015
0 0.6482070595036437 0.7338385126777984 0.009963768115942028 0.01375
0 0.6094241550375094 0.765944264069264 0.009963768115942028 0.01375
0 0.561463963055578 0.7222924397031539 0.009963768115942028 0.01375
0 0.5381513112491374 0.6801866883116884 0.009963768115942028 0.01375
0 0.48976202799960583 0.7025552721088435 0.010869565217391304 0.015
0 0.4521470808349692 0.6607455936920223 0.009963768115942028 0.01375
0 0.43982331074722397 0.6906474180581325 0.009963768115942028 0.01375
0 0.45822550034506576 0.7143317099567099 0.009963768115942028 0.01375
0 0.46895222186371266 0.4975854205318491 0.010869565217391304 0.015
0 0.5428948423901842 0.5129147340754483 0.009963768115942028 0.01375
0 0.5599145290527281 0.5506783395176252 0.010869565217391304 0.015
0 0.6015817558907621 0.478966836734694 0.010869565217391304 0.015
0 0.5648249912613268 0.3447545609152752 0.009963768115942028 0.01375
0 0.5440151851254338 0.4807432745825604 0.009963768115942028 0.01375
0 0.4754597326414097 0.4381110853432283 0.009963768115942028 0.01375
0 0.3347256392675649 0.7779510667903525 0.009963768115942028 0.01375
0 0.28607419581798477 0.8033460884353741 0.010869565217391304 0.015
0 0.2345860445627527 0.7859775046382188 0.010869565217391304 0.015
0 0.23842377860235017 0.7510099721706865 0.010869565217391304 0.015
0 0.37014751552795044 0.9125251236858379 0.010869565217391304 0.015
0 0.66005412375754 0.9354201453308596 0.010869565217391304 0.015
0 0.6725924394790855 0.8660772263450834 0.009963768115942028 0.01375
0 0.7513262057128518 0.8214714749536178 0.010869565217391304 0.015
0 0.9097236226506414 0.874761518243661 0.009963768115942028 0.01375
0 0.8932999583232505 0.8380175479282621 0.009963768115942028 0.01375
0 0.5433715482240329 0.25347054730983304 0.009963768115942028 0.01375
0 0.5100234263665943 0.21054228509585657 0.010869565217391304 0.015
0 0.47135983840176393 0.17027867965367974 0.009963768115942028 0.01375
0 0.43982331074722397 0.18764726345083488 0.010869565217391304 0.015
0 0.3255007371855199 0.06248106060606076 0.009963768115942028 0.01375
0 0.46377959945506536 0.29379986085343235 0.010869565217391304 0.015
0 0.39138641293144416 0.32340561224489806 0.009963768115942028 0.01375
0 0.2733213344626389 0.29528022572665436 0.010869565217391304 0.015
0 0.9612593884721216 0.3410702690166977 0.009963768115942028 0.01375
0 0.9458608377474839 0.3410702690166977 0.009963768115942028 0.01375
