0 0.7058212448352201 0.9646641156462584 0.009963768115942028 0.01375
0 0.6895168970091332 0.9571641156462585 0.009963768115942028 0.01375
0 0.6748807395158328 0.9480190940012367 0.009963768115942028 0.01375
0 0.6197693998548037 0.6366662801484231 0.009963768115942028 0.01375
0 0.6493750168051413 0.5637047773654917 0.010869565217391304 0.015
0 0.5767672846477195 0.3602152906617192 0.009963768115942028 0.01375
0 0.5911171945721636 0.3082409554730984 0.009963768115942028 0.01375
0 0.8548268286234126 0.3197213203463204 0.009963768115942028 0.01375
0 0.9327264996907855 0.3032409554730984 0.009963768115942028 0.01375
0 0.5014421611859502 0.17402867965367974 0.009963768115942028 0.01375
0 0.5140280914737438 0.13971900123685843 0.010869565217391304 0.015
0 0.3799684399451481 0.12087005256648126 0.009963768115942028 0.01375
0 0.4122914481998334 0.2829116419294991 0.009963768115942028 0.01375
0 0.526304246995241 0.31442524737167604 0.010869565217391304 0.015
0 0.28030555107418476 0.36574172850958575 0.009963768115942028 0.01375
0 0.29599034936767865 0.4300846474953619 0.009963768115942028 0.01375
0 0.3199942526417683 0.7213385126777985 0.010869565217391304 0.015
