0 0.5354815345110377 0.2400823283858999 0.009963768115942028 0.01375
0 0.5126455885384459 0.21481872294372295 0.009963768115942028 0.01375
0 0.5571971377483802 0.3457084879406308 0.009963768115942028 0.01375
0 0.4732190471709107 0.2984380797773656 0.009963768115942028 0.01375
0 0.5718092078728726 0.4922236394557824 0.009963768115942028 0.01375
0 0.5559098639455784 0.48847363945578237 0.009963768115942028 0.01375
0 0.726416505337313 0.4663021799628943 0.009963768115942028 0.01375
0 0.7443419891013059 0.3228791743970316 0.010869565217391304 0.015
0 0.7710156691134953 0.30123415275201 0.009963768115942028 0.01375
0 0.7895847897788894 0.5342636827458257 0.009963768115942028 0.01375
0 0.7233176373316126 0.7015356369820656 0.009963768115942028 0.01375
0 0.6847016639330304 0.7000552721088436 0.009963768115942028 0.01375
0 0.6052049442965592 0.7559442640692641 0.010869565217391304 0.015
0 0.6387676117877983 0.7349570964749536 0.009963768115942028 0.01375
0 0.3902660701961945 0.31662917439703164 0.009963768115942028 0.01375
0 0.311198441827324 0.038697820037105826 0.009963768115942028 0.01375
0 0.30266479121292794 0.7600560451453308 0.010869565217391304 0.015
0 0.2720340606598372 0.7473256802721088 0.009963768115942028 0.01375
0 0.2520824370591452 0.7485756802721087 0.010869565217391304 0.015
0 0.2294610367203536 0.7945960884353741 0.010869565217391304 0.015
0 0.37932480304374727 0.9220976345083487 0.009963768115942028 0.01375
0 0.7255107082358637 0.8144646722325294 0.009963768115942028 0.01375
0 0.5608203261541773 0.7071277829313545 0.009963768115942028 0.01375
0 0.6832474590626767 0.8893340290661719 0.009963768115942028 0.01375
0 0.667729591836735 0.946176948051948 0.009963768115942028 0.01375
