0 0.3381342820395617 0.7755167748917748 0.010869565217391304 0.015
0 0.3145594700330726 0.7473256802721088 0.009963768115942028 0.01375
0 0.469214382063761 0.6616995207173778 0.010869565217391304 0.015
0 0.5176036653132928 0.7226542207792207 0.009963768115942028 0.01375
0 0.5088554690650966 0.5720929962894249 0.010869565217391304 0.015
0 0.49162123676875236 0.531829390847248 0.009963768115942028 0.01375
0 0.5341466461419879 0.5386715367965368 0.009963768115942028 0.01375
0 0.5285449324657401 0.5108422232529376 0.009963768115942028 0.01375
0 0.48938055129825325 0.28850378787878794 0.009963768115942028 0.01375
0 0.4285722688284802 0.21738443104514546 0.009963768115942028 0.01375
0 0.3058112737848764 0.20406192022263453 0.010869565217391304 0.015
0 0.623559519328153 0.1979433364254794 0.009963768115942028 0.01375
0 0.6690168656395366 0.27797735003092156 0.009963768115942028 0.01375
0 0.6401501147230964 0.28481949598021034 0.009963768115942028 0.01375
0 0.7386926608588101 0.22077264996907858 0.009963768115942028 0.01375
0 0.7519698426142527 0.3976171150278293 0.009963768115942028 0.01375
0 0.7028893078970719 0.43288072047000625 0.009963768115942028 0.01375
0 0.7578337164905489 0.487947201607916 0.010869565217391304 0.015
0 0.7779046565925449 0.42853857452071736 0.009963768115942028 0.01375
0 0.7972126432918359 0.4520914502164503 0.010869565217391304 0.015
0 0.8409060099665692 0.4110053339517626 0.009963768115942028 0.01375
0 0.8778773202298049 0.38251816635745217 0.009963768115942028 0.01375
0 0.8209543863658773 0.6106791125541126 0.010869565217391304 0.015
0 0.8626692277701596 0.6273898423005566 0.009963768115942028 0.01375
0 0.8897243844837014 0.6344623531230674 0.009963768115942028 0.01375
0 0.9231677354736362 0.5735733611626469 0.010869565217391304 0.015
0 0.8545646684233643 0.6737720315398886 0.009963768115942028 0.01375
0 0.7867004674069894 0.7198581478045765 0.009963768115942028 0.01375
0 0.8312520166169237 0.7829510667903525 0.009963768115942028 0.01375
0 0.8666738928773092 0.6999895640074212 0.009963768115942028 0.01375
0 0.9484589125505275 0.7767010667903526 0.010869565217391304 0.015
0 0.987933068484311 0.6641338126159555 0.009963768115942028 0.01375
0 0.37932480304374727 0.037743893011750206 0.009963768115942028 0.01375
