0 0.8690338948491124 0.6009419449598021 0.009963768115942028 0.01375
0 0.792254566516989 0.47755217996289434 0.010869565217391304 0.015
0 0.8583547878967136 0.3759720933828078 0.009963768115942028 0.01375
0 0.7925643412832856 0.31376739332096476 0.010869565217391304 0.015
0 0.7712778293135436 0.2854116419294991 0.009963768115942028 0.01375
0 0.6308058961397471 0.5781458719851578 0.009963768115942028 0.01375
0 0.5887812799691683 0.5333754638218924 0.009963768115942028 0.01375
0 0.6186966716858022 0.630185915275201 0.009963768115942028 0.01375
0 0.5951218596793133 0.6583113017934445 0.009963768115942028 0.01375
0 0.6372181777849482 0.8168989641311069 0.009963768115942028 0.01375
0 0.8198340436306276 0.943676948051948 0.010869565217391304 0.015
0 0.5899016227044179 0.9591376777983921 0.009963768115942028 0.01375
0 0.48368360848950925 0.7822932127396414 0.010869565217391304 0.015
0 0.4935997620392031 0.7539374613481756 0.010869565217391304 0.015
0 0.49946363591549947 0.493177566481138 0.010869565217391304 0.015
0 0.5000596582506522 0.4337689393939394 0.010869565217391304 0.015
0 0.5016090922535024 0.4013014069264069 0.010869565217391304 0.015
0 0.4801556492162083 0.0853760822510823 0.010869565217391304 0.015
0 0.4963171533435509 0.02560567408781708 0.009963768115942028 0.01375
0 0.3851410623537954 0.0781721552257268 0.009963768115942028 0.01375
0 0.3329140450646663 0.08567215522572681 0.009963768115942028 0.01375
0 0.3787528680774024 0.02244782003710583 0.010869565217391304 0.015
0 0.2625946129439919 0.08156037414965994 0.010869565217391304 0.015
0 0.24962720595484583 0.26465483920841065 0.009963768115942028 0.01375
0 0.18636369238077322 0.2364637445887446 0.009963768115942028 0.01375
0 0.33994587624246025 0.3069909554730984 0.009963768115942028 0.01375
0 0.24893595448719683 0.4671246907854051 0.009963768115942028 0.01375
0 0.30404729414822596 0.5773233611626469 0.009963768115942028 0.01375
0 0.28457237638138266 0.6432123531230673 0.010869565217391304 0.015
0 0.26190336147634297 0.7538717532467533 0.010869565217391304 0.015
0 0.425521015389028 0.7322267316017316 0.010869565217391304 0.015
0 0.4344361427047764 0.7039699288806431 0.009963768115942028 0.01375
