0 0.5671609058643222 0.36639958256029687 0.010869565217391304 0.015
0 0.6645831092647864 0.26613520408163266 0.009963768115942028 0.01375
0 0.757261781524204 0.29830666357452074 0.010869565217391304 0.015
0 0.8116101677825281 0.3886367501546073 0.010869565217391304 0.015
0 0.8668884385111094 0.5486058286951144 0.009963768115942028 0.01375
0 0.8890807475823006 0.7071934910327766 0.010869565217391304 0.015
0 0.7416722123632062 0.6996934910327767 0.009963768115942028 0.01375
0 0.6510913818755436 0.6762720315398886 0.010869565217391304 0.015
0 0.6137385949109553 0.7411413883735313 0.010869565217391304 0.015
0 0.6430820516612443 0.8664390074211502 0.010869565217391304 0.015
0 0.7292532131429648 0.9037751236858379 0.009963768115942028 0.01375
0 0.7492524513099049 0.8651890074211502 0.009963768115942028 0.01375
0 0.5675899971319228 0.7232463667285096 0.009963768115942028 0.01375
0 0.33196063339696896 0.7680167748917748 0.009963768115942028 0.01375
0 0.3851410623537954 0.34814277983920844 0.009963768115942028 0.01375
0 0.3943659644358403 0.9270319264069263 0.010869565217391304 0.015
0 0.5332884636067867 0.11652790661719237 0.009963768115942028 0.01375
0 0.5513808784383321 0.09649466604823757 0.009963768115942028 0.01375
