0 0.2146820355283089 0.3109713203463204 0.009963768115942028 0.01375
0 0.31925538660787117 0.10409361471861488 0.009963768115942028 0.01375
0 0.38135094288044613 0.07971822820037118 0.010869565217391304 0.015
0 0.5348378976096368 0.09083681199752633 0.009963768115942028 0.01375
0 0.5254460644600397 0.27113520408163266 0.009963768115942028 0.01375
0 0.7075376099056225 0.1690943877551021 0.009963768115942028 0.01375
0 0.7229361606302602 0.1728443877551021 0.010869565217391304 0.015
0 0.890844727218951 0.22939123376623385 0.009963768115942028 0.01375
0 0.8886516563146999 0.2946223716759431 0.009963768115942028 0.01375
0 0.7712778293135436 0.5705469233147804 0.009963768115942028 0.01375
0 0.8028143569680838 0.664857374768089 0.009963768115942028 0.01375
0 0.6309728272072994 0.41515035559678426 0.010869565217391304 0.015
0 0.5803904730535167 0.4560718150896723 0.009963768115942028 0.01375
0 0.479249852114759 0.4229464285714286 0.009963768115942028 0.01375
0 0.45546049447446973 0.4133082096474954 0.009963768115942028 0.01375
0 0.40018222374588847 0.4337689393939394 0.009963768115942028 0.01375
0 0.34085167334390953 0.46416396103896107 0.010869565217391304 0.015
0 0.3654039843869038 0.5165000773036488 0.010869565217391304 0.015
0 0.39276891586674206 0.5018618583797155 0.010869565217391304 0.015
0 0.4392989903471271 0.7186738559059986 0.009963768115942028 0.01375
0 0.3792771884774992 0.7758128478664194 0.010869565217391304 0.015
0 0.2757765655669384 0.8292675479282622 0.009963768115942028 0.01375
0 0.3658806902207524 0.9310122912801484 0.009963768115942028 0.01375
0 0.43646228254147523 0.8386096938775509 0.009963768115942028 0.01375
0 0.4597273197816677 0.8055500154607297 0.009963768115942028 0.01375
