0 0.7302066248106622 0.0578428416821275 0.009963768115942028 0.01375
0 0.6792904085217751 0.17166009585652447 0.009963768115942028 0.01375
0 0.6612220810590379 0.18955511750154613 0.010869565217391304 0.015
0 0.6371705632187001 0.18175904452690175 0.009963768115942028 0.01375
0 0.5758614875462703 0.10820539579468161 0.010869565217391304 0.015
0 0.57698183028152 0.03952033085961673 0.009963768115942028 0.01375
0 0.6294233932044492 0.014717455163883812 0.009963768115942028 0.01375
0 0.4100031481630862 0.09708681199752632 0.009963768115942028 0.01375
0 0.3797538943113478 0.05527713358070514 0.010869565217391304 0.015
0 0.33765757620571296 0.03267818491032784 0.009963768115942028 0.01375
0 0.32676392361951384 0.10077110389610397 0.009963768115942028 0.01375
0 0.23143956199080432 0.13294256338899202 0.009963768115942028 0.01375
0 0.27599111120073866 0.21636479591836746 0.010869565217391304 0.015
0 0.2529406195943464 0.2077462121212122 0.009963768115942028 0.01375
0 0.3202564128418167 0.2362333797155226 0.010869565217391304 0.015
0 0.3389924645747628 0.22659516079158948 0.010869565217391304 0.015
0 0.47967894338235956 0.32958990414347566 0.009963768115942028 0.01375
0 0.5041119379240498 0.33077419604205316 0.009963768115942028 0.01375
0 0.5219181051867388 0.33310953927025366 0.010869565217391304 0.015
0 0.5621552145232271 0.3315634662956091 0.010869565217391304 0.015
0 0.601367210256962 0.2655430581323439 0.010869565217391304 0.015
0 0.7008631680603733 0.2695891311069883 0.009963768115942028 0.01375
0 0.8225990495012236 0.3262016852195424 0.009963768115942028 0.01375
0 0.8487484091133162 0.29314200680272107 0.009963768115942028 0.01375
0 0.8958028039937979 0.3463663419913421 0.010869565217391304 0.015
0 0.9319159317218326 0.39577496907854054 0.010869565217391304 0.015
0 0.9148486304930405 0.5067961502782932 0.009963768115942028 0.01375
0 0.878735502765006 0.5597244124922697 0.010869565217391304 0.015
0 0.8880080194132992 0.6361398423005565 0.009963768115942028 0.01375
0 0.8993783778333471 0.6611073747680891 0.010869565217391304 0.015
0 0.9354915055613815 0.6638377396413111 0.010869565217391304 0.015
0 0.9368263939304313 0.6230476963512678 0.010869565217391304 0.015
0 0.7835539848350408 0.621435915275201 0.010869565217391304 0.015
0 0.785103418837891 0.5902183828076685 0.009963768115942028 0.01375
0 0.7470117658394058 0.506138296227582 0.009963768115942028 0.01375
0 0.6825085930287795 0.5472901205936921 0.009963768115942028 0.01375
0 0.7632208845329965 0.74173353432282 0.009963768115942028 0.01375
0 0.7550687106199531 0.76423353432282 0.009963768115942028 0.01375
0 0.8319432680845726 0.8429518398268399 0.009963768115942028 0.01375
0 0.8696058298154573 0.8271293290043289 0.009963768115942028 0.01375
0 0.6803872240595844 0.8894986858379715 0.009963768115942028 0.01375
0 0.6013195956907138 0.8638732993197279 0.009963768115942028 0.01375
0 0.5625843057908277 0.8743997371675942 0.010869565217391304 0.015
0 0.5731440962419224 0.7809775046382188 0.009963768115942028 0.01375
0 0.5494023531678813 0.7686746289424861 0.009963768115942028 0.01375
0 0.572023753506673 0.5776194341372913 0.009963768115942028 0.01375
0 0.5798661526534199 0.5339676097711812 0.009963768115942028 0.01375
0 0.5863736634311171 0.44768359616573905 0.010869565217391304 0.015
0 0.5272576586629383 0.42567679344465065 0.009963768115942028 0.01375
0 0.5274245897304904 0.5110725881261596 0.009963768115942028 0.01375
0 0.5296652752009896 0.6072908936301793 0.010869565217391304 0.015
0 0.43219545723427727 0.6932788342609771 0.009963768115942028 0.01375
0 0.42289885321717635 0.8983143939393939 0.009963768115942028 0.01375
0 0.4629214169198643 0.9597298237476808 0.009963768115942028 0.01375
0 0.430598408665179 0.5272568800247371 0.010869565217391304 0.015
0 0.4242578289550341 0.5010068800247371 0.010869565217391304 0.015
0 0.3318413168956649 0.5463361935683364 0.009963768115942028 0.01375
0 0.3410186044114617 0.5267304421768708 0.010869565217391304 0.015
0 0.2551813050648455 0.6022908936301793 0.010869565217391304 0.015
0 0.31904084097407087 0.7350228045763759 0.009963768115942028 0.01375
0 0.27108064899213974 0.42610428262213984 0.010869565217391304 0.015
0 0.32533380611796775 0.4353150123685839 0.010869565217391304 0.015
0 0.331316996495568 0.47469039888682746 0.009963768115942028 0.01375
0 0.3533423744992069 0.3618270717377861 0.010869565217391304 0.015
