0 0.6022730073584113 0.11527790661719237 0.009963768115942028 0.01375
0 0.6753098307834333 0.07514571737786029 0.010869565217391304 0.015
0 0.676430173518683 0.26965483920841066 0.009963768115942028 0.01375
0 0.5647056747600228 0.29955666357452077 0.009963768115942028 0.01375
0 0.5565535008469793 0.3438006338899197 0.009963768115942028 0.01375
0 0.5478529191650311 0.4548218150896723 0.009963768115942028 0.01375
0 0.5395814287506836 0.4962697124304267 0.009963768115942028 0.01375
0 0.6822464328287312 0.526599025974026 0.010869565217391304 0.015
0 0.7008631680603733 0.5249872448979592 0.009963768115942028 0.01375
0 0.376225935038047 0.6981474180581324 0.009963768115942028 0.01375
0 0.31365367293162333 0.7563060451453307 0.010869565217391304 0.015
0 0.2462661777490971 0.5720272881880024 0.010869565217391304 0.015
0 0.23789945820225336 0.45202574211502794 0.009963768115942028 0.01375
0 0.3548918085020571 0.37472209338280776 0.010869565217391304 0.015
0 0.41031292292938265 0.3515309987631417 0.010869565217391304 0.015
