0 0.216183854964911 0.31876739332096476 0.009963768115942028 0.01375
0 0.31675254093732363 0.10790932282003723 0.010869565217391304 0.015
0 0.37596377483799853 0.08406037414965993 0.009963768115942028 0.01375
0 0.5292837984996372 0.09695539579468161 0.009963768115942028 0.01375
0 0.5243733362910383 0.27768127705627704 0.009963768115942028 0.01375
0 0.3976793780753409 0.4445914502164503 0.009963768115942028 0.01375
0 0.3401128073100124 0.46992076376004943 0.010869565217391304 0.015
0 0.3639021649503017 0.519099025974026 0.009963768115942028 0.01375
0 0.38828754492574374 0.5042304421768707 0.009963768115942028 0.01375
0 0.581987521622615 0.4576178880643167 0.009963768115942028 0.01375
0 0.6248944076972028 0.4247885745207174 0.009963768115942028 0.01375
0 0.7702291885133502 0.5864683828076686 0.009963768115942028 0.01375
0 0.7972126432918359 0.6585416666666666 0.009963768115942028 0.01375
0 0.4526237866688179 0.8132146722325294 0.009963768115942028 0.01375
0 0.4358186456400744 0.8385439857761285 0.009963768115942028 0.01375
0 0.36247204744875566 0.934466218305504 0.009963768115942028 0.01375
0 0.2756096344993861 0.8329518398268398 0.009963768115942028 0.01375
0 0.37868116614234637 0.7789049938157081 0.010869565217391304 0.015
0 0.43693898837532397 0.7225885126777984 0.009963768115942028 0.01375
0 0.8845993766413023 0.27945771490414356 0.009963768115942028 0.01375
0 0.8908923417851992 0.25199018243661103 0.010869565217391304 0.015
