0 0.683581321197781 0.5788037260358689 0.009963768115942028 0.01375
0 0.7219351343963146 0.5979487476808906 0.010869565217391304 0.015
0 0.7149509177847689 0.6424230828695114 0.010869565217391304 0.015
0 0.697073048587024 0.7328188775510205 0.009963768115942028 0.01375
0 0.6535942275460911 0.6885749072356215 0.009963768115942028 0.01375
0 0.6410082972582974 0.6703181045145331 0.010869565217391304 0.015
0 0.7131869381481184 0.5197568800247372 0.009963768115942028 0.01375
0 0.6477779682360428 0.4001171150278293 0.010869565217391304 0.015
0 0.6168374629166558 0.3954788961038962 0.010869565217391304 0.015
0 0.6829852988626283 0.35955743661100814 0.009963768115942028 0.01375
0 0.7133538692156706 0.33281346629560915 0.010869565217391304 0.015
0 0.7696807807444455 0.2958723716759431 0.009963768115942028 0.01375
0 0.8343984991888721 0.3222213203463204 0.010869565217391304 0.015
0 0.8532297800543143 0.3398859771181201 0.009963768115942028 0.01375
0 0.9146816994254884 0.310675247371676 0.009963768115942028 0.01375
0 0.9298421773188855 0.28297735003092156 0.009963768115942028 0.01375
0 0.9432862901418805 0.22379908781694496 0.009963768115942028 0.01375
0 0.886577901911753 0.418012136672851 0.009963768115942028 0.01375
0 0.8856721048103037 0.438012136672851 0.009963768115942028 0.01375
0 0.9630709826750201 0.4990657854050711 0.009963768115942028 0.01375
0 0.9704842905541665 0.36426136363636374 0.009963768115942028 0.01375
0 0.905838274044796 0.6608113017934446 0.009963768115942028 0.01375
0 0.8648622986744108 0.6292319882498454 0.009963768115942028 0.01375
0 0.8605954733672128 0.8333793290043289 0.009963768115942028 0.01375
0 0.8897719990499495 0.8657811533704389 0.010869565217391304 0.015
0 0.8093694823120291 0.7175885126777984 0.009963768115942028 0.01375
0 0.7975941199931885 0.7388385126777984 0.009963768115942028 0.01375
0 0.7107317070438189 0.8231489641311068 0.010869565217391304 0.015
0 0.7573570106567001 0.8468664965986394 0.010869565217391304 0.015
0 0.8218601834673266 0.7748589208410637 0.009963768115942028 0.01375
0 0.6136909803447071 0.7581481910946196 0.010869565217391304 0.015
0 0.6229158824267521 0.7127199288806432 0.009963768115942028 0.01375
0 0.5606057805203769 0.7028513450834879 0.009963768115942028 0.01375
0 0.5615115776218262 0.6803513450834879 0.009963768115942028 0.01375
0 0.5348378976096368 0.6228173314780459 0.009963768115942028 0.01375
0 0.5659929485628244 0.5831458719851578 0.009963768115942028 0.01375
0 0.49829567861400187 0.6187055504019789 0.009963768115942028 0.01375
0 0.5333360781730349 0.541040120593692 0.009963768115942028 0.01375
0 0.5119543370707967 0.4433414502164503 0.009963768115942028 0.01375
0 0.41117110546458385 0.4053474799010513 0.009963768115942028 0.01375
0 0.3628294367813002 0.42337391774891786 0.010869565217391304 0.015
0 0.32373675754886944 0.6960091991341991 0.009963768115942028 0.01375
0 0.3489086181244567 0.7139699288806431 0.009963768115942028 0.01375
0 0.3573946541726046 0.6659759585652444 0.010869565217391304 0.015
0 0.3730794524660985 0.619955550401979 0.010869565217391304 0.015
0 0.18240664183987174 0.6201859152752011 0.009963768115942028 0.01375
0 0.19227518082331754 0.5887380179344465 0.009963768115942028 0.01375
0 0.3015920630439265 0.37442602040816325 0.010869565217391304 0.015
0 0.30009024360732445 0.32192524737167605 0.009963768115942028 0.01375
0 0.286169424950481 0.07021142547928277 0.009963768115942028 0.01375
0 0.33343836546476313 0.09458681199752633 0.009963768115942028 0.01375
0 0.38316253708334463 0.06432320655534951 0.009963768115942028 0.01375
0 0.4858049774587043 0.10136324984539286 0.009963768115942028 0.01375
0 0.5029915951888004 0.11438968769325925 0.009963768115942028 0.01375
0 0.5290216382995888 0.10379754174397035 0.010869565217391304 0.015
0 0.5343611917757881 0.1730747526283241 0.009963768115942028 0.01375
0 0.5155775254765939 0.17991689857761287 0.009963768115942028 0.01375
0 0.5429424569564324 0.21768050401978983 0.009963768115942028 0.01375
0 0.5563865697794271 0.18419333642547941 0.009963768115942028 0.01375
0 0.5949073140455129 0.06027713358070514 0.009963768115942028 0.01375
0 0.6490652420388447 0.04665854978354986 0.009963768115942028 0.01375
0 0.8270328058759737 0.10577110389610396 0.009963768115942028 0.01375
0 0.8572820597277122 0.09031037414965994 0.009963768115942028 0.01375
0 0.7726127176825937 0.18116689857761287 0.010869565217391304 0.015
0 0.8010027627651852 0.24669410946196663 0.010869565217391304 0.015
0 0.8297025826140735 0.1638640228818801 0.010869565217391304 0.015
0 0.7279659393401632 0.025671382189239436 0.009963768115942028 0.01375
0 0.714378982818424 0.02442138218923944 0.009963768115942028 0.01375
0 0.7680837321753473 0.018763528138528187 0.009963768115942028 0.01375
0 0.18038050200317288 0.7052856369820656 0.009963768115942028 0.01375
0 0.22247682010880773 0.5259411719233148 0.010869565217391304 0.015
0 0.5415123394548862 0.32590561224489806 0.009963768115942028 0.01375
0 0.2652643896820916 0.2641284013605443 0.010869565217391304 0.015
0 0.3258105119518164 0.28952342300556594 0.010869565217391304 0.015
