0 0.7205526314610168 0.9443348021026591 0.009963768115942028 0.01375
0 0.6723778938452853 0.8942683209647495 0.009963768115942028 0.01375
0 0.6914237203445279 0.7525560451453308 0.009963768115942028 0.01375
0 0.6445838710978465 0.8171950371057514 0.009963768115942028 0.01375
0 0.5299750499672861 0.882722247990105 0.009963768115942028 0.01375
0 0.5127649050397499 0.893972247990105 0.009963768115942028 0.01375
0 0.38049276034524493 0.9025908317872603 0.009963768115942028 0.01375
0 0.44211161078397115 0.8355175479282622 0.010869565217391304 0.015
0 0.4846846347234547 0.7940039424860853 0.009963768115942028 0.01375
0 0.5962422024145629 0.6777523964131106 0.009963768115942028 0.01375
0 0.6300194155396021 0.637685915275201 0.009963768115942028 0.01375
0 0.6616511723266384 0.5006118583797154 0.009963768115942028 0.01375
0 0.818713700895378 0.6752523964131106 0.009963768115942028 0.01375
0 0.7756639711220459 0.5002500773036488 0.010869565217391304 0.015
0 0.6713051656762838 0.45886788806431666 0.009963768115942028 0.01375
0 0.7367141355883594 0.27393127705627707 0.010869565217391304 0.015
0 0.7400751637941081 0.23712159863945587 0.009963768115942028 0.01375
0 0.6972875942208241 0.23866767161410024 0.010869565217391304 0.015
0 0.6997428253251237 0.2631087662337663 0.009963768115942028 0.01375
0 0.6869899639697777 0.3237016852195424 0.009963768115942028 0.01375
0 0.6721633482114849 0.3760378014842301 0.010869565217391304 0.015
0 0.6508768362417433 0.3981435528756958 0.010869565217391304 0.015
0 0.5805574041210688 0.4428150123685839 0.009963768115942028 0.01375
0 0.49893931551540255 0.3990974799010513 0.009963768115942028 0.01375
0 0.44654536715872134 0.3976828231292518 0.010869565217391304 0.015
0 0.40802462289263547 0.41005140692640696 0.010869565217391304 0.015
0 0.4065945053910894 0.4801511286332715 0.010869565217391304 0.015
0 0.37532013793659774 0.5129804421768708 0.009963768115942028 0.01375
0 0.33765757620571296 0.46373647186147193 0.009963768115942028 0.01375
0 0.38182764871429486 0.769924628942486 0.009963768115942028 0.01375
0 0.2712951946259401 0.8076225262832406 0.009963768115942028 0.01375
0 0.23191626782465305 0.7328188775510205 0.009963768115942028 0.01375
0 0.29081772695903146 0.7025552721088435 0.009963768115942028 0.01375
0 0.19894962266856683 0.7303845856524427 0.009963768115942028 0.01375
0 0.18011834180312453 0.7211081478045764 0.009963768115942028 0.01375
0 0.23031921925555476 0.296464517625232 0.010869565217391304 0.015
0 0.29780194357057715 0.0911985930735932 0.010869565217391304 0.015
0 0.40237529465013944 0.06866535250463826 0.009963768115942028 0.01375
0 0.4803701948500087 0.07198786332714917 0.010869565217391304 0.015
0 0.5155775254765939 0.06639571737786028 0.010869565217391304 0.015
0 0.5455646191282838 0.07537608225108229 0.010869565217391304 0.015
0 0.5350524432434373 0.27893127705627707 0.010869565217391304 0.015
0 0.5718092078728726 0.28379986085343234 0.009963768115942028 0.01375
0 0.60274971319226 0.28695771490414357 0.010869565217391304 0.015
0 0.6881103067050274 0.14156114718614732 0.009963768115942028 0.01375
0 0.7452477862027552 0.16343653370439085 0.009963768115942028 0.01375
0 0.8254357573068755 0.09524466604823757 0.009963768115942028 0.01375
0 0.8521094373190649 0.0868564471243043 0.009963768115942028 0.01375
0 0.881500508635602 0.20406192022263453 0.010869565217391304 0.015
0 0.9142049935916398 0.3293595392702537 0.010869565217391304 0.015
