0 0.7084910215733198 0.5271254638218924 0.009963768115942028 0.01375
0 0.6676819772704867 0.533079390847248 0.010869565217391304 0.015
0 0.546255870595933 0.44768359616573905 0.009963768115942028 0.01375
0 0.539271653984387 0.5144608070500928 0.009963768115942028 0.01375
0 0.5529303124411822 0.3496888528138528 0.009963768115942028 0.01375
0 0.5664696543966732 0.2915959338280767 0.009963768115942028 0.01375
0 0.673545851146783 0.27245091218305506 0.009963768115942028 0.01375
0 0.6789330191892304 0.07021142547928277 0.009963768115942028 0.01375
0 0.6022730073584113 0.13228470933828093 0.010869565217391304 0.015
0 0.5503081502693306 0.09642895794681522 0.009963768115942028 0.01375
0 0.5438006394916335 0.05563891465677187 0.010869565217391304 0.015
0 0.42435305808753027 0.3475506338899197 0.009963768115942028 0.01375
0 0.3450232695186113 0.3821563852813853 0.009963768115942028 0.01375
0 0.23832854946985388 0.444953231292517 0.010869565217391304 0.015
0 0.2446691291799988 0.5915997990105133 0.009963768115942028 0.01375
0 0.38449742545239446 0.7000552721088436 0.009963768115942028 0.01375
0 0.3108169651259714 0.7606481910946197 0.010869565217391304 0.015
0 0.6790999502567826 0.934696583178726 0.010869565217391304 0.015
