0 0.5147193429413928 0.07412608225108229 0.010869565217391304 0.015
0 0.4751975724413614 0.08863288497217084 0.009963768115942028 0.01375
0 0.40258984028393985 0.0704417903525048 0.010869565217391304 0.015
0 0.27801725103743746 0.10165932282003723 0.009963768115942028 0.01375
0 0.33343836546476313 0.14376507421150295 0.009963768115942028 0.01375
0 0.3573946541726046 0.16231794990723572 0.009963768115942028 0.01375
0 0.5472092822636302 0.0729417903525048 0.010869565217391304 0.015
0 0.5352669888772374 0.2900498608534323 0.010869565217391304 0.015
0 0.5695685224023735 0.291464517625232 0.010869565217391304 0.015
0 0.6087329035698602 0.300214517625232 0.009963768115942028 0.01375
0 0.6997428253251237 0.2748194959802103 0.010869565217391304 0.015
0 0.695046908750325 0.2305755256648115 0.010869565217391304 0.015
0 0.6912091747107276 0.13442292826221405 0.009963768115942028 0.01375
0 0.7452477862027552 0.1804433364254794 0.009963768115942028 0.01375
0 0.742792555098456 0.2420558905380335 0.010869565217391304 0.015
0 0.7383111841574576 0.2826155689548547 0.009963768115942028 0.01375
0 0.7237467285992132 0.3539652906617192 0.010869565217391304 0.015
0 0.7219351343963146 0.3777152906617192 0.009963768115942028 0.01375
0 0.6914237203445279 0.32406346629560917 0.009963768115942028 0.01375
0 0.6730691453129343 0.3868603123067409 0.010869565217391304 0.015
0 0.6518302479094408 0.40653177179962896 0.009963768115942028 0.01375
0 0.6697081171071855 0.46041396103896104 0.010869565217391304 0.015
0 0.8135886930529789 0.10754754174397035 0.010869565217391304 0.015
0 0.852323982952865 0.08965252009894882 0.010869565217391304 0.015
0 0.7524465484481014 0.05991535250463827 0.009963768115942028 0.01375
0 0.7433885774336086 0.08616535250463826 0.009963768115942028 0.01375
0 0.8780918658636051 0.19823940940012377 0.009963768115942028 0.01375
0 0.8832644882722525 0.2683391311069883 0.009963768115942028 0.01375
0 0.8915359786865998 0.29926059059987636 0.009963768115942028 0.01375
0 0.9209270500031371 0.3543270717377861 0.009963768115942028 0.01375
0 0.9107963508196428 0.5559744124922696 0.009963768115942028 0.01375
0 0.9871942024504139 0.6076526747062462 0.009963768115942028 0.01375
0 0.9281258122484833 0.7968000154607298 0.010869565217391304 0.015
0 0.7739476060516435 0.4941314935064935 0.009963768115942028 0.01375
0 0.8268182602421735 0.6879827612863326 0.009963768115942028 0.01375
0 0.22731558038235067 0.3005762987012987 0.009963768115942028 0.01375
0 0.5745265991772205 0.4452493042671614 0.009963768115942028 0.01375
0 0.5028246641212483 0.3985053339517626 0.009963768115942028 0.01375
0 0.44451922732202254 0.4069592609771182 0.009963768115942028 0.01375
0 0.4018985888162908 0.4124856988249846 0.010869565217391304 0.015
0 0.33174608776316855 0.4665982529375387 0.009963768115942028 0.01375
0 0.15392136762478387 0.297714517625232 0.009963768115942028 0.01375
0 0.408453714160236 0.4811050556586271 0.010869565217391304 0.015
0 0.3798015088775959 0.5296911719233148 0.009963768115942028 0.01375
0 0.3017113795452306 0.6338044990723563 0.009963768115942028 0.01375
0 0.2815928248769865 0.6353505720470005 0.009963768115942028 0.01375
0 0.2346336591290009 0.7442992424242425 0.009963768115942028 0.01375
0 0.20476588197861495 0.7412070964749536 0.009963768115942028 0.01375
0 0.17253810285642593 0.7238385126777984 0.009963768115942028 0.01375
0 0.2631906352791447 0.8101225262832407 0.009963768115942028 0.01375
0 0.37756082340709685 0.776404993815708 0.009963768115942028 0.01375
0 0.6583377586871378 0.512618661100804 0.009963768115942028 0.01375
0 0.6336426039453992 0.6329819882498454 0.009963768115942028 0.01375
0 0.597100384949764 0.6879827612863326 0.010869565217391304 0.015
0 0.5540982697426798 0.7349570964749536 0.009963768115942028 0.01375
0 0.5386280170829861 0.6551534477427334 0.010869565217391304 0.015
0 0.5319059606714889 0.6282123531230674 0.009963768115942028 0.01375
0 0.509975811800346 0.6167976963512678 0.010869565217391304 0.015
0 0.5041119379240498 0.6740681045145331 0.009963768115942028 0.01375
0 0.4555081090407179 0.6901209802102659 0.009963768115942028 0.01375
0 0.43913205927957494 0.6541995207173779 0.009963768115942028 0.01375
0 0.4268559037580778 0.6267319882498454 0.009963768115942028 0.01375
0 0.4004443839459369 0.6465348639455784 0.010869565217391304 0.015
0 0.3968211955401398 0.6690348639455783 0.010869565217391304 0.015
0 0.30697923108637404 0.6979827612863326 0.009963768115942028 0.01375
0 0.27475145196418505 0.7398913883735312 0.009963768115942028 0.01375
0 0.38023060014519655 0.8963408317872603 0.009963768115942028 0.01375
0 0.442063996217723 0.8412743506493505 0.009963768115942028 0.01375
0 0.49092998530110343 0.8033460884353741 0.010869565217391304 0.015
0 0.5325495975728896 0.8796958101422386 0.010869565217391304 0.015
0 0.5081642175974475 0.9102554885590599 0.009963768115942028 0.01375
0 0.5854678663296677 0.9239397804576376 0.010869565217391304 0.015
0 0.6145967774461564 0.9479533858998144 0.010869565217391304 0.015
0 0.6365745408835473 0.9486112399505257 0.009963768115942028 0.01375
0 0.6612220810590379 0.9022290507111935 0.010869565217391304 0.015
0 0.6869423494035297 0.8917683209647496 0.009963768115942028 0.01375
0 0.6949992941840769 0.7481481910946196 0.009963768115942028 0.01375
0 0.6432489827287965 0.8376557668521954 0.009963768115942028 0.01375
0 0.7174537634553164 0.9443348021026591 0.009963768115942028 0.01375
