0 0.8477949974456187 0.09672503092145959 0.009963768115942028 0.01375
0 0.788726607243688 0.03553996598639472 0.009963768115942028 0.01375
0 0.7542105280847518 0.0515928416821275 0.010869565217391304 0.015
0 0.7470593804056538 0.10231717687074834 0.010869565217391304 0.015
0 0.7680837321753473 0.11100146876932598 0.009963768115942028 0.01375
0 0.7389548210588585 0.1903776283240569 0.009963768115942028 0.01375
0 0.6929731543473782 0.22909516079158948 0.009963768115942028 0.01375
0 0.7513262057128518 0.2483058905380335 0.009963768115942028 0.01375
0 0.7355937928531098 0.2846223716759431 0.010869565217391304 0.015
0 0.736451975388311 0.3189977581941868 0.009963768115942028 0.01375
0 0.7310171927796154 0.3402477581941868 0.009963768115942028 0.01375
0 0.7234845683991648 0.36491921768707486 0.009963768115942028 0.01375
0 0.7199089945596159 0.3846563852813853 0.009963768115942028 0.01375
0 0.6943556572826761 0.3279781230674088 0.009963768115942028 0.01375
0 0.6932353145474265 0.28416164192949905 0.009963768115942028 0.01375
0 0.6296379388382496 0.20465406617192344 0.009963768115942028 0.01375
0 0.6251089533310031 0.22215406617192343 0.009963768115942028 0.01375
0 0.6971206631532719 0.14156114718614732 0.010869565217391304 0.015
0 0.6540233188136917 0.058731060606060766 0.009963768115942028 0.01375
0 0.6486361507712441 0.03178996598639472 0.010869565217391304 0.015
0 0.5774109215491204 0.17004831478045773 0.010869565217391304 0.015
0 0.5493547386016331 0.18978548237476814 0.009963768115942028 0.01375
0 0.5461606414634368 0.07353393630179354 0.009963768115942028 0.01375
0 0.5155775254765939 0.07346822820037119 0.009963768115942028 0.01375
0 0.4683085849623117 0.10481717687074835 0.010869565217391304 0.015
0 0.500536364084501 0.21761479591836747 0.009963768115942028 0.01375
0 0.48785520466421106 0.23136479591836745 0.010869565217391304 0.015
0 0.48661554542765745 0.2901155689548547 0.010869565217391304 0.015
0 0.46532903345791554 0.3086027365491651 0.009963768115942028 0.01375
0 0.4553652653419735 0.3211027365491651 0.010869565217391304 0.015
0 0.5300943664685903 0.304194882498454 0.009963768115942028 0.01375
0 0.5460413249621325 0.2194569418676562 0.009963768115942028 0.01375
0 0.5702597738700225 0.22659516079158948 0.009963768115942028 0.01375
0 0.6267536164663495 0.2803459338280767 0.009963768115942028 0.01375
0 0.6213188338576539 0.2903459338280767 0.009963768115942028 0.01375
0 0.6038700559275094 0.32281346629560914 0.009963768115942028 0.01375
0 0.5668511310980258 0.28666164192949906 0.010869565217391304 0.015
0 0.5724528447742735 0.3490309987631417 0.009963768115942028 0.01375
0 0.5851340041945634 0.37028099876314174 0.010869565217391304 0.015
0 0.5763858079463672 0.37692602040816325 0.009963768115942028 0.01375
0 0.5555524746130338 0.35692602040816324 0.009963768115942028 0.01375
0 0.546255870595933 0.4247885745207174 0.009963768115942028 0.01375
0 0.574836373943517 0.4463346474953619 0.009963768115942028 0.01375
0 0.5612494174217779 0.4338346474953619 0.009963768115942028 0.01375
0 0.6488506964050443 0.41676213667285095 0.009963768115942028 0.01375
0 0.6676819772704867 0.4010053339517626 0.010869565217391304 0.015
0 0.6697081171071855 0.4594600340136054 0.010869565217391304 0.015
0 0.6547145702813407 0.5293293908472481 0.010869565217391304 0.015
0 0.6069689239332099 0.5067304421768708 0.009963768115942028 0.01375
0 0.7361181132532066 0.6583113017934445 0.010869565217391304 0.015
0 0.7243427509343661 0.6533113017934445 0.009963768115942028 0.01375
0 0.7403373239941565 0.6316662801484231 0.009963768115942028 0.01375
0 0.732185150081113 0.632916280148423 0.009963768115942028 0.01375
0 0.7539483678847034 0.5658429962894249 0.009963768115942028 0.01375
0 0.7588112155270542 0.5421254638218924 0.009963768115942028 0.01375
0 0.7730418089501943 0.485677566481138 0.009963768115942028 0.01375
0 0.7784289769926417 0.42103857452071736 0.009963768115942028 0.01375
0 0.7774755653249444 0.3944592609771182 0.010869565217391304 0.015
0 0.7923497956494852 0.38488675015460727 0.010869565217391304 0.015
0 0.8776627745960046 0.2690626932591219 0.009963768115942028 0.01375
0 0.8751599289254571 0.2016276283240569 0.009963768115942028 0.01375
0 0.80424447446963 0.12550827149041438 0.009963768115942028 0.01375
0 0.8864109708442008 0.3049184446505876 0.010869565217391304 0.015
0 0.9771111178331676 0.36676136363636375 0.009963768115942028 0.01375
0 0.9807343062389647 0.33679383116883116 0.009963768115942028 0.01375
0 0.925837512211736 0.36419565553494126 0.010869565217391304 0.015
0 0.9031684973066963 0.3528467068645641 0.010869565217391304 0.015
0 0.9531548291253261 0.5296254638218924 0.010869565217391304 0.015
0 0.9697930390865176 0.5373558286951144 0.009963768115942028 0.01375
0 0.9804721460389164 0.5986723098330241 0.009963768115942028 0.01375
0 0.9373030997642801 0.5930801638837353 0.009963768115942028 0.01375
0 0.9228103461410917 0.5918301638837353 0.010869565217391304 0.015
0 0.9029539516728959 0.5612047773654917 0.009963768115942028 0.01375
0 0.9239783034425892 0.6617652288188003 0.010869565217391304 0.015
0 0.8866255164780011 0.6483113017934445 0.009963768115942028 0.01375
0 0.924455009276438 0.7844314316635745 0.010869565217391304 0.015
0 0.7546872339186005 0.6947591991341991 0.009963768115942028 0.01375
0 0.7383828860925136 0.6885091991341992 0.009963768115942028 0.01375
0 0.8374973671945722 0.4350189393939394 0.009963768115942028 0.01375
0 0.6305437359396988 0.6320937693259122 0.010869565217391304 0.015
0 0.6914237203445279 0.7433453153988867 0.009963768115942028 0.01375
0 0.7443896036675541 0.8246950371057514 0.009963768115942028 0.01375
0 0.7391693666926589 0.8552547155225726 0.009963768115942028 0.01375
0 0.7907051325141389 0.943446583178726 0.009963768115942028 0.01375
0 0.7820045508321908 0.9740062615955472 0.010869565217391304 0.015
0 0.753733822250903 0.95015731292517 0.010869565217391304 0.015
0 0.7098735245086178 0.9427230210265924 0.009963768115942028 0.01375
0 0.6847492784992787 0.8815379560915275 0.010869565217391304 0.015
0 0.6602686693913404 0.911932977736549 0.009963768115942028 0.01375
0 0.6394588632554472 0.9498612399505256 0.009963768115942028 0.01375
0 0.6232973591281046 0.9140054885590599 0.009963768115942028 0.01375
0 0.6396017069541916 0.92650548855906 0.010869565217391304 0.015
0 0.6070165384994578 0.9595651669758811 0.009963768115942028 0.01375
0 0.5836562721267692 0.94890731292517 0.009963768115942028 0.01375
0 0.573573187509523 0.9101897804576375 0.010869565217391304 0.015
0 0.5645152164950302 0.9276897804576376 0.009963768115942028 0.01375
0 0.530738003369991 0.887722247990105 0.009963768115942028 0.01375
0 0.5673754514981224 0.6384427179962894 0.009963768115942028 0.01375
0 0.5360058549111345 0.6699563234384663 0.009963768115942028 0.01375
0 0.5361251714124387 0.6350544990723563 0.009963768115942028 0.01375
0 0.4998927271831 0.920485853432282 0.009963768115942028 0.01375
0 0.5980061820512133 0.6950552721088435 0.009963768115942028 0.01375
0 0.5776254671829208 0.7164699288806432 0.009963768115942028 0.01375
0 0.5621552145232271 0.7380492424242425 0.009963768115942028 0.01375
0 0.5074729661297986 0.6192976963512679 0.009963768115942028 0.01375
0 0.5009654553521015 0.6867327612863326 0.009963768115942028 0.01375
0 0.45305287793641846 0.6922591991341992 0.009963768115942028 0.01375
0 0.4409436534824735 0.6631798855905998 0.009963768115942028 0.01375
0 0.3943659644358403 0.6864366883116884 0.009963768115942028 0.01375
0 0.3896224332947937 0.6393966450216451 0.010869565217391304 0.015
0 0.4265937435580295 0.6260741341991342 0.010869565217391304 0.015
0 0.3739852495675478 0.5478822665429809 0.010869565217391304 0.015
0 0.4100031481630862 0.4872893475572047 0.009963768115942028 0.01375
0 0.4438755904206216 0.424492501546073 0.009963768115942028 0.01375
0 0.5021334126535991 0.39672889610389617 0.010869565217391304 0.015
0 0.3968211955401398 0.4143278447742733 0.010869565217391304 0.015
0 0.40840609959398794 0.254259817563389 0.010869565217391304 0.015
0 0.4174640706084807 0.240509817563389 0.009963768115942028 0.01375
0 0.42232691825083146 0.2142265769944342 0.009963768115942028 0.01375
0 0.3860468594552447 0.21981872294372296 0.009963768115942028 0.01375
0 0.32821812848986776 0.246990182436611 0.010869565217391304 0.015
0 0.31413037876547206 0.28998415275200995 0.009963768115942028 0.01375
0 0.29956592320722764 0.2644244743351887 0.010869565217391304 0.015
0 0.3013775174101262 0.25067447433518864 0.010869565217391304 0.015
0 0.30693161652012596 0.19228548237476814 0.009963768115942028 0.01375
0 0.3127954903964221 0.17277867965367974 0.009963768115942028 0.01375
0 0.3338674567323637 0.1332386363636364 0.009963768115942028 0.01375
0 0.2677672353526392 0.11313968769325924 0.009963768115942028 0.01375
0 0.40440143448683835 0.06955357142857153 0.009963768115942028 0.01375
0 0.38850209055954416 0.12504754174397037 0.009963768115942028 0.01375
0 0.38940788766099343 0.10879754174397036 0.010869565217391304 0.015
0 0.41129042196588794 0.1548179499072357 0.009963768115942028 0.01375
0 0.2787561170713346 0.2745891311069883 0.009963768115942028 0.01375
0 0.258327787636794 0.2850498608534323 0.010869565217391304 0.015
0 0.22700580561605413 0.30764880952380963 0.009963768115942028 0.01375
0 0.1727526484902262 0.3521888528138528 0.009963768115942028 0.01375
0 0.16374229204198154 0.40225533395176255 0.009963768115942028 0.01375
0 0.1510370452528838 0.4057092609771182 0.009963768115942028 0.01375
0 0.2614742702087423 0.46791396103896105 0.010869565217391304 0.015
0 0.2977543290043291 0.5834419449598021 0.010869565217391304 0.015
0 0.30094842614252565 0.613705550401979 0.009963768115942028 0.01375
0 0.2982310348381778 0.642455550401979 0.009963768115942028 0.01375
0 0.2650974586145394 0.5961066017316018 0.010869565217391304 0.015
0 0.26872064702033654 0.6148566017316017 0.009963768115942028 0.01375
0 0.28030555107418476 0.6459427179962894 0.010869565217391304 0.015
0 0.24381094664479763 0.676337739641311 0.009963768115942028 0.01375
0 0.22931819302160922 0.687587739641311 0.009963768115942028 0.01375
0 0.23532491059664978 0.7495296072974645 0.009963768115942028 0.01375
0 0.2036455392433654 0.7535099721706865 0.009963768115942028 0.01375
0 0.30848105052297614 0.7027856369820655 0.009963768115942028 0.01375
0 0.2606877896085972 0.7561413883735313 0.009963768115942028 0.01375
0 0.27246315192743775 0.7473913883735313 0.009963768115942028 0.01375
0 0.31112673989226797 0.7875892857142857 0.010869565217391304 0.015
0 0.294822392066181 0.7888392857142857 0.009963768115942028 0.01375
0 0.2560394876000467 0.8166028911564627 0.009963768115942028 0.01375
0 0.3732463835336507 0.7844971397649968 0.010869565217391304 0.015
0 0.4898096425658538 0.8165371830550402 0.010869565217391304 0.015
0 0.4400378563810242 0.8435439857761285 0.010869565217391304 0.015
0 0.38135094288044613 0.894202612863327 0.009963768115942028 0.01375
0 0.3799684399451481 0.9442690940012368 0.010869565217391304 0.015
0 0.3842828798185942 0.9805523345701918 0.009963768115942028 0.01375
0 0.6270874786014539 0.8206489641311069 0.009963768115942028 0.01375
0 0.6570028703180878 0.8332479128014841 0.009963768115942028 0.01375
0 0.6470391022021458 0.8482479128014841 0.009963768115942028 0.01375
0 0.8691291239816086 0.496697201607916 0.009963768115942028 0.01375
0 0.8763755007932027 0.48169720160791596 0.010869565217391304 0.015
0 0.8297501971803215 0.7033777829313544 0.009963768115942028 0.01375
0 0.360541136744553 0.17004831478045773 0.010869565217391304 0.015
