0 0.5032537553888488 0.5358754638218923 0.010869565217391304 0.015
0 0.5086409234312962 0.596764455782313 0.009963768115942028 0.01375
0 0.5169124138456439 0.6332123531230675 0.010869565217391304 0.015
0 0.5460889395283808 0.6425544990723563 0.009963768115942028 0.01375
0 0.5834417264929689 0.6465348639455784 0.009963768115942028 0.01375
0 0.6125706376094577 0.642127009894867 0.009963768115942028 0.01375
0 0.6603162839575886 0.42235428262213986 0.009963768115942028 0.01375
0 0.6744040336819841 0.3716956555349412 0.009963768115942028 0.01375
0 0.41341179093508296 0.4186042826221399 0.009963768115942028 0.01375
0 0.4217308959156786 0.5615665584415584 0.009963768115942028 0.01375
0 0.48196724341910685 0.6772259585652444 0.009963768115942028 0.01375
0 0.45925061394781896 0.5973566017316018 0.009963768115942028 0.01375
0 0.43770194177802885 0.7418649505256647 0.009963768115942028 0.01375
0 0.4061654141234887 0.7164699288806432 0.009963768115942028 0.01375
0 0.34347383551576105 0.7331149505256647 0.010869565217391304 0.015
0 0.29322534349708274 0.6996934910327767 0.009963768115942028 0.01375
0 0.2668614382511899 0.8324254019789734 0.009963768115942028 0.01375
0 0.2632382498453928 0.8124254019789734 0.009963768115942028 0.01375
0 0.2982310348381778 0.851800788497217 0.009963768115942028 0.01375
0 0.32912392559131703 0.8562086425479282 0.010869565217391304 0.015
0 0.2637149556792415 0.5419940476190477 0.010869565217391304 0.015
0 0.2654789353158919 0.6301202071737786 0.010869565217391304 0.015
0 0.3020687688777752 0.5308754638218924 0.010869565217391304 0.015
0 0.2758241801331865 0.44590715831787264 0.009963768115942028 0.01375
0 0.3271454003208663 0.41278177179962894 0.010869565217391304 0.015
0 0.3042142252157781 0.3781103123067409 0.009963768115942028 0.01375
0 0.210462824787359 0.21981872294372296 0.009963768115942028 0.01375
0 0.36135170471350603 0.21804228509585655 0.009963768115942028 0.01375
0 0.4109089452645355 0.10600146876932598 0.009963768115942028 0.01375
0 0.4311227290652758 0.09981717687074834 0.009963768115942028 0.01375
0 0.4839457686895576 0.23712159863945587 0.009963768115942028 0.01375
0 0.5108339943355473 0.241759817563389 0.010869565217391304 0.015
0 0.5116921768707484 0.10261324984539286 0.009963768115942028 0.01375
0 0.5691394311347729 0.1220543444650589 0.009963768115942028 0.01375
0 0.5939539023778156 0.15613365800865808 0.009963768115942028 0.01375
0 0.6455372827655438 0.1929433364254794 0.010869565217391304 0.015
0 0.6930207689136261 0.12646219851577 0.009963768115942028 0.01375
0 0.7218875198300666 0.22784516079158948 0.010869565217391304 0.015
0 0.7219351343963146 0.266200912183055 0.009963768115942028 0.01375
0 0.6710430054762353 0.31162917439703164 0.009963768115942028 0.01375
0 0.41479429387038097 0.21238443104514546 0.009963768115942028 0.01375
0 0.8940388243571475 0.7896617965367966 0.010869565217391304 0.015
0 0.9309625200541352 0.7322267316017316 0.009963768115942028 0.01375
0 0.9650495079454708 0.6632455936920223 0.010869565217391304 0.015
0 0.8590460393643625 0.5425861935683364 0.010869565217391304 0.015
0 0.9356584366289337 0.4279464285714286 0.010869565217391304 0.015
0 0.4973898815125526 0.6988709802102658 0.009963768115942028 0.01375
0 0.7283950306077637 0.6901209802102659 0.009963768115942028 0.01375
0 0.7413624375969098 0.6802523964131106 0.009963768115942028 0.01375
0 0.8111334619486794 0.6415348639455783 0.009963768115942028 0.01375
0 0.6223915620266554 0.8780840290661719 0.009963768115942028 0.01375
0 0.5622028290894752 0.9424926561533704 0.010869565217391304 0.015
0 0.6569552557518399 0.8286096938775509 0.010869565217391304 0.015
