0 0.8636943413729129 0.5667312152133581 0.009963768115942028 0.01375
0 0.9282927433160355 0.45452574211502794 0.009963768115942028 0.01375
0 0.9656455302806236 0.3619917285095858 0.010869565217391304 0.015
0 0.8133265328529306 0.6595613017934445 0.010869565217391304 0.015
0 0.7275368480725625 0.7158120748299319 0.009963768115942028 0.01375
0 0.6508768362417433 0.8509782776747062 0.010869565217391304 0.015
0 0.8987347409319462 0.795615723562152 0.009963768115942028 0.01375
0 0.5697830680361737 0.9557494588744588 0.009963768115942028 0.01375
0 0.42125419008182996 0.7705824829931973 0.009963768115942028 0.01375
0 0.36273420764880404 0.7777207019171306 0.009963768115942028 0.01375
0 0.1698683261183262 0.3831103123067409 0.009963768115942028 0.01375
0 0.39379402946949543 0.3994592609771182 0.010869565217391304 0.015
0 0.6845347328654783 0.34314277983920843 0.010869565217391304 0.015
0 0.7290862820754126 0.28748415275201 0.010869565217391304 0.015
0 0.6426053458273958 0.17748260667903537 0.009963768115942028 0.01375
0 0.7554978018875537 0.06336927952999388 0.009963768115942028 0.01375
