0 0.3632109134826528 0.9254201453308596 0.010869565217391304 0.015
0 0.27689690830218794 0.8233136209029065 0.010869565217391304 0.015
0 0.3799684399451481 0.7736746289424861 0.010869565217391304 0.015
0 0.43646228254147523 0.8339057668521954 0.009963768115942028 0.01375
0 0.4604661858155648 0.7993657235621521 0.009963768115942028 0.01375
0 0.44211161078397115 0.7142660018552875 0.010869565217391304 0.015
0 0.39217289353158935 0.49840793135436 0.010869565217391304 0.015
0 0.3642836416516542 0.5132108070500928 0.009963768115942028 0.01375
0 0.3401604218762605 0.4626178880643167 0.010869565217391304 0.015
0 0.3997055179120398 0.43288072047000625 0.009963768115942028 0.01375
0 0.4550314032068692 0.41123569882498456 0.009963768115942028 0.01375
0 0.48084690068385744 0.4241964285714286 0.009963768115942028 0.01375
0 0.5789603555519707 0.4551178880643167 0.010869565217391304 0.015
0 0.6313543039086519 0.40689355287569584 0.010869565217391304 0.015
0 0.7702768030795982 0.5587704854669141 0.010869565217391304 0.015
0 0.8044831074722382 0.6680484693877551 0.009963768115942028 0.01375
0 0.8925370049205456 0.2998527365491651 0.009963768115942028 0.01375
0 0.8899389301175017 0.2287333797155226 0.009963768115942028 0.01375
0 0.7277513937063628 0.16718653370439085 0.010869565217391304 0.015
0 0.6997428253251237 0.16416009585652447 0.009963768115942028 0.01375
0 0.5343611917757881 0.08804073902288195 0.009963768115942028 0.01375
0 0.5283303868319398 0.2720891311069883 0.009963768115942028 0.01375
0 0.38402071961854584 0.0778760822510823 0.009963768115942028 0.01375
0 0.3139158331316718 0.09988288497217085 0.009963768115942028 0.01375
0 0.21639840059871127 0.30978702844774275 0.010869565217391304 0.015
