1.000000000000000000e+00 9.417288188002476090e+02 2.413559059987632054e+02
2.000000000000000000e+00 9.157022263450837727e+02 2.705667903525046540e+02
3.000000000000000000e+00 9.159390847247991587e+02 3.091988249845393284e+02
4.000000000000000000e+00 9.202285095856525459e+02 3.325148423005566656e+02
5.000000000000000000e+00 1.000676870748299507e+03 2.713824984539270417e+02
6.000000000000000000e+00 1.073835807050093081e+03 3.019619666048238287e+02
7.000000000000000000e+00 1.043914347557204792e+03 3.326991341991342779e+02
8.000000000000000000e+00 1.029308905380334181e+03 4.030157699443414003e+02
9.000000000000000000e+00 9.689397031539890577e+02 4.640429808286951356e+02
1.000000000000000000e+01 9.906768707482995069e+02 5.093855905998763092e+02
1.100000000000000000e+01 1.046335497835498018e+03 4.999118738404452529e+02
1.200000000000000000e+01 1.051940940012368856e+03 5.394387755102040956e+02
1.300000000000000000e+01 9.902031539888685074e+02 5.548599257884972076e+02
1.400000000000000000e+01 8.825964749536178715e+02 5.115173160173160340e+02
1.500000000000000000e+01 8.929650587507730961e+02 4.682798392084106354e+02
1.600000000000000000e+01 8.262798392084107491e+02 4.913064316635745286e+02
1.700000000000000000e+01 7.928320964749536870e+02 4.695166975881261919e+02
1.800000000000000000e+01 8.162798392084107491e+02 4.566218305504019668e+02
1.900000000000000000e+01 8.536750154607298100e+02 5.790708101422387699e+02
2.000000000000000000e+01 9.810714285714286689e+02 6.688351886209028407e+02
2.100000000000000000e+01 9.719397031539890577e+02 6.290714285714285552e+02
2.200000000000000000e+01 9.135179344465061604e+02 6.826774891774891785e+02
2.300000000000000000e+01 8.788858998144714860e+02 6.397294372294372806e+02
2.400000000000000000e+01 8.393064316635745854e+02 6.233608534322820560e+02
2.500000000000000000e+01 8.623330241187386491e+02 6.293082869511440549e+02
2.600000000000000000e+01 8.022006802721089116e+02 5.986236858379716068e+02
2.700000000000000000e+01 7.567263450834880132e+02 7.037566481137909022e+02
2.800000000000000000e+01 6.923571428571431170e+02 6.955723562152132899e+02
2.900000000000000000e+01 6.141982065553495431e+02 7.067040816326530148e+02
3.000000000000000000e+01 6.584882498453928292e+02 6.253608534322820560e+02
3.100000000000000000e+01 6.058296227581943185e+02 6.099397031539888303e+02
3.200000000000000000e+01 7.071994434137293410e+02 5.493862090290660944e+02
3.300000000000000000e+01 7.378314780457637880e+02 5.354913419913419830e+02
3.400000000000000000e+01 7.205154607297465645e+02 5.125173160173160340e+02
3.500000000000000000e+01 7.502526283240570137e+02 4.433058132343846864e+02
3.600000000000000000e+01 8.358327149041435860e+02 4.113317872603586807e+02
3.700000000000000000e+01 6.520145330859618298e+02 4.314109461966605181e+02
3.800000000000000000e+01 6.654356833642550555e+02 3.638574520717378391e+02
3.900000000000000000e+01 5.961716141001857068e+02 3.364097093382807770e+02
4.000000000000000000e+01 6.023033395176253180e+02 4.150949288806431809e+02
4.100000000000000000e+01 6.503039579468152169e+02 4.623324056895485796e+02
4.200000000000000000e+01 6.179613481756341571e+02 4.823589981447124160e+02
4.300000000000000000e+01 5.884610389610390939e+02 4.932538651824366411e+02
4.400000000000000000e+01 5.328549783549785843e+02 5.069910327767470335e+02
4.500000000000000000e+01 5.198549783549785843e+02 5.199910327767470335e+02
4.600000000000000000e+01 4.899860853432283534e+02 5.572810760667903196e+02
4.700000000000000000e+01 3.962742733457020563e+02 5.676496598639455442e+02
4.800000000000000000e+01 3.734845392702537197e+02 5.708865182436611576e+02
4.900000000000000000e+01 3.519842300556587702e+02 5.864919604205317682e+02
5.000000000000000000e+01 3.277733457019172079e+02 6.139397031539888303e+02
5.100000000000000000e+01 2.963256029684602595e+02 6.204134199134198298e+02
5.200000000000000000e+01 3.055098948670378718e+02 6.491505875077302790e+02
5.300000000000000000e+01 4.660646258503402919e+02 7.086515151515151274e+02
5.400000000000000000e+01 2.416669758812617488e+02 6.280188620902906678e+02
5.500000000000000000e+01 3.555105132962276571e+02 4.820695732838590288e+02
5.600000000000000000e+01 3.297733457019172079e+02 4.923064316635745286e+02
5.700000000000000000e+01 2.772990105132963095e+02 4.821221397649969163e+02
5.800000000000000000e+01 2.260615337043909108e+02 5.042012987012986969e+02
5.900000000000000000e+01 2.180615337043909108e+02 4.902012987012986969e+02
6.000000000000000000e+01 2.310089672232530233e+02 4.358846629560915176e+02
6.100000000000000000e+01 2.369564007421151359e+02 4.200423623995052935e+02
6.200000000000000000e+01 1.760609152752010687e+02 4.063843537414966249e+02
6.300000000000000000e+01 1.716397649969079566e+02 3.636205936920223394e+02
6.400000000000000000e+01 2.642198515769945857e+02 3.465414347557205019e+02
6.500000000000000000e+01 2.422198515769945857e+02 3.355414347557205019e+02
6.600000000000000000e+01 2.723515769944341969e+02 3.913577612863327886e+02
6.700000000000000000e+01 3.015098948670378718e+02 3.850683364254792878e+02
6.800000000000000000e+01 3.111153370439085961e+02 3.418308596165738891e+02
6.900000000000000000e+01 3.690633889919604940e+02 3.443571428571428896e+02
7.000000000000000000e+01 3.883268398268399437e+02 3.776471861471861757e+02
7.100000000000000000e+01 3.905636982065554434e+02 4.183317872603586807e+02
7.200000000000000000e+01 3.774319727891157186e+02 4.410163883735312425e+02
7.300000000000000000e+01 4.946440940012369651e+02 4.259897959183673493e+02
7.400000000000000000e+01 5.946453308596167062e+02 2.580139146567718171e+02
7.500000000000000000e+01 6.280405071119357672e+02 2.604876314162029303e+02
7.600000000000000000e+01 6.257510822510823800e+02 1.996447124304268073e+02
7.700000000000000000e+01 6.387510822510823800e+02 1.996447124304268073e+02
7.800000000000000000e+01 6.845148423005566656e+02 2.090132962275820319e+02
7.900000000000000000e+01 7.893058132343849138e+02 2.129607297464440308e+02
8.000000000000000000e+01 7.404103277674707897e+02 1.623021026592455200e+02
8.100000000000000000e+01 7.150417439703155651e+02 1.538809523809524080e+02
8.200000000000000000e+01 7.601474953617812389e+02 1.434072356215214086e+02
8.300000000000000000e+01 8.301221397649969731e+02 4.845856524427961176e+01
8.400000000000000000e+01 7.190943104514535662e+02 7.395887445887456124e+01
8.500000000000000000e+01 7.116731601731603405e+02 5.364285714285722406e+01
8.600000000000000000e+01 6.480670995670998309e+02 3.685312306740888744e+01
8.700000000000000000e+01 6.483039579468152169e+02 9.122232529375389731e+01
8.800000000000000000e+01 6.000664811379099319e+02 3.832683982683988688e+01
8.900000000000000000e+01 5.778555967841684833e+02 4.732683982683988688e+01
9.000000000000000000e+01 4.680120593692024045e+02 9.127489177489189842e+01
9.100000000000000000e+01 4.217745825602970058e+02 5.187971552257272378e+01
9.200000000000000000e+01 3.708265306122449942e+02 8.343259121830556069e+01
9.300000000000000000e+01 2.714567099567100854e+02 9.845918367346951072e+01
9.400000000000000000e+01 3.212996289424862084e+02 1.813286951144094701e+02
9.500000000000000000e+01 2.822464440321584220e+02 1.662495361781076326e+02
9.600000000000000000e+01 2.651672850958565846e+02 1.919867037724180818e+02
9.700000000000000000e+01 2.735884353741498103e+02 2.458296227581942048e+02
9.800000000000000000e+01 2.965624613481757592e+02 2.424084724799010928e+02
9.900000000000000000e+01 3.034573283858999844e+02 2.127238713667285310e+02
1.000000000000000000e+02 3.576948051948052694e+02 1.912235621521335815e+02
1.010000000000000000e+02 3.816162646876933309e+02 1.753286951144094701e+02
1.020000000000000000e+02 4.365643166357453424e+02 1.746181199752628572e+02
1.030000000000000000e+02 4.591171923314781793e+02 1.773286951144094701e+02
1.040000000000000000e+02 4.790912183055041282e+02 3.943577612863327886e+02
1.050000000000000000e+02 3.915636982065554434e+02 2.836985157699443789e+02
1.060000000000000000e+02 5.476972789115648084e+02 3.089619666048238287e+02
1.070000000000000000e+02 5.135389610389611335e+02 2.520664811379097046e+02
