0 0.40285200048398817 0.07662608225108229 0.009963768115942028 0.01375
0 0.4711929073342117 0.09804073902288195 0.009963768115942028 0.01375
0 0.5131222943722946 0.07323786332714917 0.009963768115942028 0.01375
0 0.5449209822268831 0.07514571737786029 0.009963768115942028 0.01375
0 0.577840012816721 0.17646297155225737 0.009963768115942028 0.01375
0 0.5731440962419224 0.20965406617192342 0.009963768115942028 0.01375
0 0.5469471220635818 0.20721977427334579 0.009963768115942028 0.01375
0 0.5487587162664803 0.1897197742733458 0.009963768115942028 0.01375
0 0.5316914150376885 0.296464517625232 0.009963768115942028 0.01375
0 0.5675423825656746 0.2896223716759431 0.009963768115942028 0.01375
0 0.6080892666684593 0.30830666357452075 0.009963768115942028 0.01375
0 0.41772623080852905 0.21149621212121217 0.009963768115942028 0.01375
0 0.3932456217005908 0.21149621212121217 0.009963768115942028 0.01375
0 0.35980227071065596 0.16975224180581336 0.010869565217391304 0.015
0 0.33317620526471464 0.14001507421150294 0.009963768115942028 0.01375
0 0.2713428091921882 0.10718576066790363 0.009963768115942028 0.01375
0 0.2278639881512553 0.30389880952380965 0.010869565217391304 0.015
0 0.1543504588923844 0.2980105905998764 0.009963768115942028 0.01375
0 0.25561039633244614 0.4613021799628943 0.009963768115942028 0.01375
0 0.319779707007968 0.2593587662337663 0.010869565217391304 0.015
0 0.4437086593530694 0.41705820964749535 0.009963768115942028 0.01375
0 0.3999200635458401 0.41307784477427334 0.009963768115942028 0.01375
0 0.5029915951888004 0.3973210420531849 0.009963768115942028 0.01375
0 0.4104798539969348 0.485447201607916 0.010869565217391304 0.015
0 0.3775132088408487 0.539329390847248 0.010869565217391304 0.015
0 0.32848028868991613 0.4690982529375387 0.009963768115942028 0.01375
0 0.3013299028438781 0.6378505720470006 0.009963768115942028 0.01375
0 0.27854157143753433 0.6422584260977118 0.010869565217391304 0.015
0 0.2374703669346527 0.6753181045145331 0.010869565217391304 0.015
0 0.2043367907110144 0.743772804576376 0.010869565217391304 0.015
0 0.2352772960304017 0.7488717532467533 0.009963768115942028 0.01375
0 0.25828017307054585 0.8110107452071738 0.010869565217391304 0.015
0 0.3717445640970487 0.7786089208410637 0.010869565217391304 0.015
0 0.30895775635682476 0.7006474180581325 0.009963768115942028 0.01375
0 0.3929834615005423 0.6789366883116884 0.010869565217391304 0.015
0 0.39484267026968906 0.643377009894867 0.009963768115942028 0.01375
0 0.42590249209038045 0.6261398423005565 0.009963768115942028 0.01375
0 0.4546499265055167 0.6941670531849105 0.010869565217391304 0.015
0 0.5033013699550968 0.6790023964131106 0.009963768115942028 0.01375
0 0.5085933088650483 0.6170937693259122 0.010869565217391304 0.015
0 0.5334553946743389 0.6298241341991342 0.009963768115942028 0.01375
0 0.537769834547785 0.6656798855905999 0.010869565217391304 0.015
0 0.5639668087261257 0.6369623531230674 0.010869565217391304 0.015
0 0.5630610116246764 0.6182123531230674 0.009963768115942028 0.01375
0 0.5971479995160122 0.6898249072356215 0.010869565217391304 0.015
0 0.6309728272072994 0.632916280148423 0.009963768115942028 0.01375
0 0.5628464659908761 0.733772804576376 0.010869565217391304 0.015
0 0.5474479152662384 0.752522804576376 0.009963768115942028 0.01375
0 0.491311462002456 0.8122607452071737 0.009963768115942028 0.01375
0 0.43844080781192596 0.8434782776747062 0.010869565217391304 0.015
0 0.3797538943113478 0.8967026128633271 0.009963768115942028 0.01375
0 0.3806596914127971 0.942426948051948 0.009963768115942028 0.01375
0 0.38385378855099367 0.9672298237476809 0.010869565217391304 0.015
0 0.5023003437211513 0.9103211966604823 0.009963768115942028 0.01375
0 0.531262323770088 0.8840379560915275 0.009963768115942028 0.01375
0 0.5787934244844185 0.9400583642547927 0.009963768115942028 0.01375
0 0.5815108157887663 0.9125583642547928 0.009963768115942028 0.01375
0 0.6244177018633543 0.9156172696351267 0.009963768115942028 0.01375
0 0.6389104554865427 0.9206172696351267 0.009963768115942028 0.01375
0 0.6390773865540949 0.9492033858998145 0.009963768115942028 0.01375
0 0.642819891461196 0.8475243506493506 0.010869565217391304 0.015
0 0.6921149718121768 0.7433453153988867 0.009963768115942028 0.01375
0 0.6888491727389244 0.8858801020408162 0.010869565217391304 0.015
0 0.6609599208589892 0.9059790507111936 0.010869565217391304 0.015
0 0.8294880369802732 0.6935091991341992 0.010869565217391304 0.015
0 0.7120189808466207 0.9421308750773036 0.009963768115942028 0.01375
0 0.9188532956001901 0.6607455936920223 0.010869565217391304 0.015
0 0.893729049590851 0.6514691558441558 0.010869565217391304 0.015
0 0.934538093893684 0.589034090909091 0.009963768115942028 0.01375
0 0.9067916857124935 0.5537047773654917 0.009963768115942028 0.01375
0 0.9821168091742628 0.5997908936301793 0.009963768115942028 0.01375
0 0.9257898976454878 0.7912735776128633 0.009963768115942028 0.01375
0 0.7730418089501943 0.48603934755720474 0.010869565217391304 0.015
0 0.6549291159151409 0.5213029529993816 0.010869565217391304 0.015
0 0.6685877743719361 0.46350610698824996 0.009963768115942028 0.01375
0 0.7208147916610651 0.37840638528138526 0.009963768115942028 0.01375
0 0.7252961626020633 0.3577152906617192 0.009963768115942028 0.01375
0 0.7313269675459118 0.33541241496598645 0.010869565217391304 0.015
0 0.7367617501546073 0.32166241496598647 0.009963768115942028 0.01375
0 0.7398130035940595 0.28600378787878794 0.010869565217391304 0.015
0 0.6684208433043839 0.39422889610389616 0.010869565217391304 0.015
0 0.6493991041739491 0.4117288961038962 0.010869565217391304 0.015
0 0.5738353477095716 0.4428150123685839 0.010869565217391304 0.015
0 0.6910422436431753 0.3227477581941868 0.009963768115942028 0.01375
0 0.6974545252883764 0.27850378787878793 0.010869565217391304 0.015
0 0.6934974747474748 0.22689123376623385 0.010869565217391304 0.015
0 0.6925440630797776 0.13721900123685843 0.010869565217391304 0.015
0 0.7432216463660565 0.1836011904761905 0.010869565217391304 0.015
0 0.7436507376336571 0.244259817563389 0.009963768115942028 0.01375
0 0.7454623318365556 0.09649466604823757 0.009963768115942028 0.01375
0 0.7542105280847518 0.05593498763141625 0.009963768115942028 0.01375
0 0.8099655046471818 0.11093576066790362 0.009963768115942028 0.01375
0 0.850774548950015 0.09031037414965994 0.010869565217391304 0.015
0 0.7927312723508377 0.024947820037105828 0.009963768115942028 0.01375
0 0.8761133405931544 0.1981737012987014 0.010869565217391304 0.015
0 0.8812383484355535 0.26929305813234394 0.009963768115942028 0.01375
0 0.8877458592132506 0.304194882498454 0.009963768115942028 0.01375
0 0.9226910296397877 0.3586692176870748 0.009963768115942028 0.01375
0 0.9784460062022177 0.35926136363636374 0.009963768115942028 0.01375
0 0.9807343062389647 0.3360702690166977 0.010869565217391304 0.015
0 0.3016396776101747 0.6024880179344465 0.009963768115942028 0.01375
