0 0.6965963427531753 0.15975224180581335 0.009963768115942028 0.01375
0 0.730683330644511 0.16718653370439085 0.010869565217391304 0.015
0 0.8863633562779528 0.22481872294372296 0.009963768115942028 0.01375
0 0.8923941612218012 0.3057409554730984 0.009963768115942028 0.01375
0 0.7709680545472473 0.5485401205936921 0.010869565217391304 0.015
0 0.8052695880723832 0.6709759585652444 0.009963768115942028 0.01375
0 0.71292477794807 0.9826905534941248 0.009963768115942028 0.01375
0 0.5368164228800876 0.08781037414965993 0.009963768115942028 0.01375
0 0.3864283361565971 0.07258000927643792 0.010869565217391304 0.015
0 0.31386821856542363 0.09665932282003724 0.009963768115942028 0.01375
0 0.21782851810025736 0.30639880952380966 0.010869565217391304 0.015
0 0.3426156529805599 0.4622561069882499 0.010869565217391304 0.015
0 0.3636876193165014 0.513638296227582 0.009963768115942028 0.01375
0 0.3929834615005423 0.49531578540507115 0.009963768115942028 0.01375
0 0.40061131501348907 0.42603857452071736 0.009963768115942028 0.01375
0 0.45231401190252135 0.4056435528756958 0.009963768115942028 0.01375
0 0.4840409978220538 0.41705820964749535 0.009963768115942028 0.01375
0 0.5272100440966903 0.27363520408163267 0.009963768115942028 0.01375
0 0.6319979408100529 0.4019592609771182 0.009963768115942028 0.01375
0 0.5785788788506181 0.4548218150896723 0.009963768115942028 0.01375
0 0.44478138752207086 0.7123581478045764 0.009963768115942028 0.01375
0 0.378419005942298 0.771404993815708 0.009963768115942028 0.01375
0 0.4636602829537614 0.7999578695114409 0.010869565217391304 0.015
0 0.4377495563442769 0.836109693877551 0.009963768115942028 0.01375
0 0.2307483105231553 0.7333453153988867 0.010869565217391304 0.015
0 0.276944522868436 0.824629329004329 0.009963768115942028 0.01375
0 0.36614285042080086 0.9251897804576376 0.009963768115942028 0.01375
