0 0.3667864873222017 0.5070922232529376 0.009963768115942028 0.01375
0 0.39996767811208817 0.4866314935064935 0.010869565217391304 0.015
0 0.33782450727326513 0.4598218150896723 0.009963768115942028 0.01375
0 0.4035432519516372 0.4146239177489178 0.009963768115942028 0.01375
0 0.22381170847785767 0.29653022572665433 0.009963768115942028 0.01375
0 0.3100780990920743 0.09790932282003723 0.009963768115942028 0.01375
0 0.3961775586387389 0.07050749845392716 0.009963768115942028 0.01375
0 0.4881649794305074 0.07258000927643792 0.010869565217391304 0.015
0 0.5072584204959982 0.07412608225108229 0.009963768115942028 0.01375
0 0.5380319947478334 0.07876430117501557 0.010869565217391304 0.015
0 0.688539397972628 0.14738365800865807 0.010869565217391304 0.015
0 0.7412431210956058 0.16195616883116884 0.010869565217391304 0.015
0 0.883049942638452 0.21488443104514546 0.009963768115942028 0.01375
0 0.9033830429404965 0.31590561224489805 0.009963768115942028 0.01375
0 0.535529149077286 0.2723852040816327 0.009963768115942028 0.01375
0 0.44563957005727206 0.40041318800247383 0.010869565217391304 0.015
0 0.4879504337967073 0.4074856988249846 0.009963768115942028 0.01375
0 0.223382617210257 0.7303188775510204 0.009963768115942028 0.01375
0 0.26659927805114153 0.7235424397031539 0.009963768115942028 0.01375
0 0.2784939568712862 0.8135107452071737 0.009963768115942028 0.01375
0 0.37510559230279733 0.7704510667903526 0.009963768115942028 0.01375
0 0.4515034439335682 0.695351345083488 0.010869565217391304 0.015
0 0.47076381606661116 0.7958460884353741 0.010869565217391304 0.015
0 0.43534193980622565 0.8364714749536177 0.010869565217391304 0.015
0 0.376225935038047 0.9145976345083487 0.009963768115942028 0.01375
0 0.6430344370949963 0.7958460884353741 0.009963768115942028 0.01375
0 0.6788854046229824 0.7658128478664193 0.009963768115942028 0.01375
0 0.5944306082116644 0.6706141774891775 0.010869565217391304 0.015
0 0.6190781483871548 0.6527191558441559 0.009963768115942028 0.01375
0 0.7727320341838977 0.5308754638218924 0.009963768115942028 0.01375
0 0.8119916444838807 0.6703838126159555 0.009963768115942028 0.01375
0 0.5744789846109722 0.44702574211502794 0.010869565217391304 0.015
0 0.6388152263540463 0.3988671150278293 0.009963768115942028 0.01375
0 0.663462766529537 0.3627152906617192 0.010869565217391304 0.015
0 0.673426534645479 0.34271529066171924 0.009963768115942028 0.01375
0 0.6564785499179911 0.48853934755720474 0.009963768115942028 0.01375
0 0.7129723925143182 0.9634798237476808 0.009963768115942028 0.01375
