0 0.8079393648104829 0.6703181045145331 0.009963768115942028 0.01375
0 0.770753508913447 0.5400861935683364 0.010869565217391304 0.015
0 0.6719011880114366 0.7772932127396414 0.010869565217391304 0.015
0 0.6472536478359462 0.7937078695114408 0.010869565217391304 0.015
0 0.7122335264804212 0.9745984075448361 0.010869565217391304 0.015
0 0.4642086907226661 0.7962078695114408 0.009963768115942028 0.01375
0 0.43710591944287613 0.8354518398268398 0.010869565217391304 0.015
0 0.3697184242603499 0.9236437074829931 0.010869565217391304 0.015
0 0.3770841175732481 0.7723589208410637 0.009963768115942028 0.01375
0 0.44542502442347176 0.7049895640074212 0.009963768115942028 0.01375
0 0.2775881597698369 0.8206489641311069 0.010869565217391304 0.015
0 0.254799828363493 0.7411413883735313 0.009963768115942028 0.01375
0 0.2285552396189043 0.7312070964749536 0.009963768115942028 0.01375
0 0.3952717615372896 0.493177566481138 0.009963768115942028 0.01375
0 0.3654515989531519 0.5135725881261596 0.009963768115942028 0.01375
0 0.3383964422396101 0.46100610698824995 0.010869565217391304 0.015
0 0.40018222374588847 0.42383464749536187 0.009963768115942028 0.01375
0 0.4492151438968211 0.4041631880024738 0.009963768115942028 0.01375
0 0.4864486143601052 0.4124199907235622 0.010869565217391304 0.015
0 0.5789127409857224 0.45422966914038343 0.010869565217391304 0.015
0 0.6352396525144974 0.3979131880024738 0.009963768115942028 0.01375
0 0.6054194899303597 0.6718641774891775 0.009963768115942028 0.01375
0 0.7351647015855092 0.1653443877551021 0.009963768115942028 0.01375
0 0.6934974747474748 0.15731794990723572 0.010869565217391304 0.015
0 0.8861011960779043 0.22254908781694496 0.010869565217391304 0.015
0 0.8947300758247965 0.310675247371676 0.009963768115942028 0.01375
0 0.5285449324657401 0.27393127705627707 0.009963768115942028 0.01375
0 0.5341466461419879 0.08501430117501556 0.009963768115942028 0.01375
0 0.3910049362300916 0.07146142547928278 0.009963768115942028 0.01375
0 0.3127954903964221 0.09981717687074834 0.009963768115942028 0.01375
0 0.21954488317065965 0.3035370284477428 0.010869565217391304 0.015
