0 0.7194322887257671 0.9418348021026591 0.010869565217391304 0.015
0 0.6475158080359945 0.8230832560296846 0.010869565217391304 0.015
0 0.6914713349107762 0.7510756802721087 0.009963768115942028 0.01375
0 0.8234572320364247 0.6753181045145331 0.010869565217391304 0.015
0 0.7752824944206933 0.4981118583797155 0.010869565217391304 0.015
0 0.634977492314449 0.634166280148423 0.009963768115942028 0.01375
0 0.597100384949764 0.6814366883116884 0.010869565217391304 0.015
0 0.4866631599939054 0.7965039424860854 0.009963768115942028 0.01375
0 0.44254070205157175 0.8372939857761286 0.009963768115942028 0.01375
0 0.5325495975728896 0.8768997371675943 0.009963768115942028 0.01375
0 0.5122164972708454 0.8994986858379715 0.009963768115942028 0.01375
0 0.3797538943113478 0.8981829777365491 0.009963768115942028 0.01375
0 0.3806596914127971 0.7708128478664193 0.009963768115942028 0.01375
0 0.4575342488774167 0.6895288342609771 0.009963768115942028 0.01375
0 0.5089747855664006 0.6502191558441558 0.010869565217391304 0.015
0 0.5129794506735502 0.6233437693259122 0.009963768115942028 0.01375
0 0.2692690547892412 0.8095303803339517 0.009963768115942028 0.01375
0 0.1794747049017236 0.7232463667285096 0.009963768115942028 0.01375
0 0.20369315380961356 0.7350228045763759 0.009963768115942028 0.01375
0 0.23480059019655306 0.7365031694495979 0.009963768115942028 0.01375
0 0.29978046884102794 0.6973249072356215 0.010869565217391304 0.015
0 0.3769171865056959 0.5166647340754483 0.010869565217391304 0.015
0 0.40823916852643577 0.4811050556586271 0.009963768115942028 0.01375
0 0.33563143636901416 0.4627825448361163 0.009963768115942028 0.01375
0 0.4064275743235372 0.4071239177489179 0.010869565217391304 0.015
0 0.44878605262922044 0.3991631880024738 0.009963768115942028 0.01375
0 0.5014421611859502 0.39857104205318494 0.009963768115942028 0.01375
0 0.5760760331800706 0.4430453772418059 0.010869565217391304 0.015
0 0.6591483266560907 0.5036382962275819 0.009963768115942028 0.01375
0 0.6717342569438844 0.4585718150896723 0.009963768115942028 0.01375
0 0.6520447935432409 0.3976171150278293 0.010869565217391304 0.015
0 0.6713051656762838 0.3787024582560298 0.010869565217391304 0.015
0 0.6894451950740772 0.3227477581941868 0.009963768115942028 0.01375
0 0.7203857003934646 0.3728142393320965 0.009963768115942028 0.01375
0 0.720719562528569 0.35676136363636374 0.009963768115942028 0.01375
0 0.7369286812221596 0.27695771490414356 0.009963768115942028 0.01375
0 0.7405518696279566 0.23593730674087823 0.009963768115942028 0.01375
0 0.6941411116488758 0.23616767161410024 0.009963768115942028 0.01375
0 0.7004340767927725 0.2681087662337663 0.009963768115942028 0.01375
0 0.6047758530289588 0.2918262987012987 0.009963768115942028 0.01375
0 0.569997613669974 0.28629986085343234 0.009963768115942028 0.01375
0 0.5373407432801846 0.2826155689548547 0.010869565217391304 0.015
0 0.5469471220635818 0.0741917903525048 0.009963768115942028 0.01375
0 0.5186763934822942 0.06639571737786028 0.009963768115942028 0.01375
0 0.48041780941625667 0.07596822820037119 0.010869565217391304 0.015
0 0.4073333714249865 0.06764571737786028 0.009963768115942028 0.01375
0 0.29353511826337925 0.09333681199752633 0.010869565217391304 0.015
0 0.352007486130157 0.1577454390847248 0.010869565217391304 0.015
0 0.33660893540551934 0.14774543908472482 0.009963768115942028 0.01375
0 0.2294134221541055 0.2946223716759431 0.009963768115942028 0.01375
0 0.689349965941581 0.14001507421150294 0.010869565217391304 0.015
0 0.7445565347351063 0.16873260667903536 0.010869565217391304 0.015
0 0.8232426864026244 0.09702110389610397 0.009963768115942028 0.01375
0 0.8531821654880664 0.08899466604823758 0.009963768115942028 0.01375
0 0.8792122085988547 0.20096977427334578 0.010869565217391304 0.015
0 0.9182096586987892 0.34011634199134205 0.010869565217391304 0.015
0 0.8870546077456017 0.28100378787878794 0.009963768115942028 0.01375
0 0.6848445076317748 0.8910447588126159 0.009963768115942028 0.01375
0 0.6676343627042386 0.8972947588126159 0.009963768115942028 0.01375
