0 0.9077450973801907 0.31656346629560916 0.010869565217391304 0.015
0 0.8819295999032026 0.21156192022263454 0.009963768115942028 0.01375
0 0.7423158492646073 0.16077187693259135 0.009963768115942028 0.01375
0 0.6872521241698261 0.14965329313543607 0.009963768115942028 0.01375
0 0.5904735576707629 0.28873415275201 0.009963768115942028 0.01375
0 0.5732634127432267 0.28373415275200997 0.010869565217391304 0.015
0 0.5337175548743874 0.2723852040816327 0.009963768115942028 0.01375
0 0.5386756316492344 0.07389571737786028 0.009963768115942028 0.01375
0 0.5130746798060464 0.06705357142857153 0.009963768115942028 0.01375
0 0.4854952026924078 0.07073786332714917 0.010869565217391304 0.015
0 0.3966066499063394 0.06455357142857153 0.009963768115942028 0.01375
0 0.30745593692022277 0.09547503092145959 0.009963768115942028 0.01375
0 0.22834069398510404 0.29653022572665433 0.010869565217391304 0.015
0 0.34080405877766135 0.45922966914038343 0.010869565217391304 0.015
0 0.36950387862654954 0.5092304421768707 0.010869565217391304 0.015
0 0.40237529465013944 0.48449327458256036 0.009963768115942028 0.01375
0 0.40530723158828763 0.4149199907235622 0.009963768115942028 0.01375
0 0.44590173025732044 0.3998210420531849 0.010869565217391304 0.015
0 0.4907154396673031 0.40659747990105133 0.010869565217391304 0.015
0 0.6773359706201323 0.3317281230674088 0.009963768115942028 0.01375
0 0.6629860606956882 0.36794565553494124 0.009963768115942028 0.01375
0 0.6422238691260432 0.3976171150278293 0.009963768115942028 0.01375
0 0.5737877331433233 0.44488752319109465 0.009963768115942028 0.01375
0 0.6587192353884902 0.48890112863327145 0.009963768115942028 0.01375
0 0.667777206402983 0.4639011286332715 0.009963768115942028 0.01375
0 0.7723029429162971 0.5223225881261596 0.009963768115942028 0.01375
0 0.81156255321628 0.6716338126159555 0.009963768115942028 0.01375
0 0.679314495890583 0.7624903370439086 0.009963768115942028 0.01375
0 0.6466576255007934 0.8042343073593073 0.010869565217391304 0.015
0 0.7134014837819187 0.9586112399505257 0.009963768115942028 0.01375
0 0.6229158824267521 0.6446927179962895 0.009963768115942028 0.01375
0 0.5936917421777672 0.672818104514533 0.009963768115942028 0.01375
0 0.47188415880186085 0.7933460884353741 0.010869565217391304 0.015
0 0.4378447854767732 0.8347939857761285 0.009963768115942028 0.01375
0 0.3757492292041983 0.9109133426097711 0.010869565217391304 0.015
0 0.4524092410350175 0.6907131261595546 0.010869565217391304 0.015
0 0.37868116614234637 0.7668324829931973 0.010869565217391304 0.015
0 0.2780648656036856 0.8100568181818182 0.009963768115942028 0.01375
0 0.2712951946259401 0.7207463667285096 0.009963768115942028 0.01375
0 0.22493205121310722 0.7318649505256647 0.009963768115942028 0.01375
