0 0.8902010903175501 0.2400823283858999 0.009963768115942028 0.01375
0 0.8870546077456017 0.28725378787878797 0.009963768115942028 0.01375
0 0.6282554359029515 0.42133464749536187 0.010869565217391304 0.015
0 0.5796992215858677 0.4548218150896723 0.009963768115942028 0.01375
0 0.770753508913447 0.5748233611626469 0.010869565217391304 0.015
0 0.8009551481989372 0.661337739641311 0.009963768115942028 0.01375
0 0.43534193980622565 0.7201542207792206 0.009963768115942028 0.01375
0 0.38082662248034926 0.7797932127396413 0.009963768115942028 0.01375
0 0.45801095471126535 0.8092343073593073 0.009963768115942028 0.01375
0 0.4346506883385767 0.8403861317254174 0.009963768115942028 0.01375
0 0.36273420764880404 0.9322622912801484 0.010869565217391304 0.015
0 0.2775881597698369 0.831109693877551 0.009963768115942028 0.01375
0 0.39276891586674206 0.5012040043290044 0.009963768115942028 0.01375
0 0.36209057074740314 0.5147568800247372 0.009963768115942028 0.01375
0 0.33968371604241177 0.4665982529375387 0.009963768115942028 0.01375
0 0.39949097227823943 0.43965715831787266 0.010869565217391304 0.015
0 0.4700725645989623 0.42557784477427335 0.009963768115942028 0.01375
0 0.5264711780627932 0.2751155689548547 0.009963768115942028 0.01375
0 0.5310001635700395 0.09149466604823758 0.009963768115942028 0.01375
0 0.379110257409947 0.08008000927643792 0.009963768115942028 0.01375
0 0.31904084097407087 0.10695539579468161 0.009963768115942028 0.01375
0 0.21739942683265673 0.3182409554730984 0.009963768115942028 0.01375
