0 0.9204027296030404 0.3449849257884972 0.009963768115942028 0.01375
0 0.8902010903175501 0.2915302257266543 0.009963768115942028 0.01375
0 0.8848139222751026 0.2685694959802103 0.010869565217391304 0.015
0 0.880809257167953 0.1991276283240569 0.009963768115942028 0.01375
0 0.8514181858514157 0.08833681199752633 0.010869565217391304 0.015
0 0.8189282465291784 0.10017895794681522 0.010869565217391304 0.015
0 0.7454623318365556 0.1740943877551021 0.009963768115942028 0.01375
0 0.6898266717754298 0.13485041743970327 0.009963768115942028 0.01375
0 0.7423158492646073 0.23962159863945587 0.009963768115942028 0.01375
0 0.6947847485502767 0.23277945269016698 0.010869565217391304 0.015
0 0.7374053870560082 0.2826155689548547 0.009963768115942028 0.01375
0 0.7006010078603246 0.2698852040816327 0.009963768115942028 0.01375
0 0.725034002402015 0.35278099876314173 0.009963768115942028 0.01375
0 0.721506043128714 0.3750838744588745 0.009963768115942028 0.01375
0 0.6921149718121768 0.32310953927025365 0.009963768115942028 0.01375
0 0.6741894880481839 0.38406423933209655 0.009963768115942028 0.01375
0 0.6513059275093438 0.4038014069264069 0.009963768115942028 0.01375
0 0.6693266404058331 0.45922966914038343 0.010869565217391304 0.015
0 0.65850468975469 0.5104804421768708 0.010869565217391304 0.015
0 0.7747581740205967 0.4962697124304267 0.009963768115942028 0.01375
0 0.8223845038674233 0.6812063234384663 0.009963768115942028 0.01375
0 0.6914713349107762 0.7498256802721087 0.010869565217391304 0.015
0 0.6484216051374438 0.8330175479282622 0.010869565217391304 0.015
0 0.6654412917999877 0.8961104669140383 0.009963768115942028 0.01375
0 0.687895761071227 0.8917683209647496 0.009963768115942028 0.01375
0 0.7192177430919667 0.943676948051948 0.009963768115942028 0.01375
0 0.63273680684395 0.6310084260977118 0.009963768115942028 0.01375
0 0.5977916364174128 0.6829827612863326 0.010869565217391304 0.015
0 0.5744789846109722 0.4467296691403834 0.009963768115942028 0.01375
0 0.6076125608346108 0.2943920068027211 0.010869565217391304 0.015
0 0.5709034107714234 0.28778022572665435 0.010869565217391304 0.015
0 0.5372931287139363 0.28564200680272106 0.010869565217391304 0.015
0 0.5489256473340326 0.07353393630179354 0.009963768115942028 0.01375
0 0.5157920711103943 0.06771142547928279 0.010869565217391304 0.015
0 0.4786062152133581 0.08221822820037118 0.009963768115942028 0.01375
0 0.40604609762218474 0.07080357142857154 0.009963768115942028 0.01375
0 0.35553544540345794 0.15856794990723572 0.009963768115942028 0.01375
0 0.3349401849013651 0.14465329313543607 0.010869565217391304 0.015
0 0.2876236298208349 0.09856717687074834 0.010869565217391304 0.015
0 0.5033730718901528 0.3982092609771182 0.009963768115942028 0.01375
0 0.44563957005727206 0.40107104205318495 0.009963768115942028 0.01375
0 0.40668973452358553 0.40689355287569584 0.010869565217391304 0.015
0 0.41057508312943114 0.48140112863327145 0.010869565217391304 0.015
0 0.3798015088775959 0.5234411719233149 0.009963768115942028 0.01375
0 0.335583821802766 0.4659403988868274 0.010869565217391304 0.015
0 0.22950865128660167 0.29741844465058764 0.010869565217391304 0.015
0 0.15659114436288357 0.297714517625232 0.010869565217391304 0.015
0 0.2991368319396271 0.632916280148423 0.010869565217391304 0.015
0 0.30442877084957837 0.6974895640074211 0.010869565217391304 0.015
0 0.28719453855323435 0.634166280148423 0.009963768115942028 0.01375
0 0.2360878639993548 0.7415031694495979 0.009963768115942028 0.01375
0 0.20443201984351064 0.7353188775510204 0.010869565217391304 0.015
0 0.17494571939447723 0.7235424397031539 0.009963768115942028 0.01375
0 0.2691497382879372 0.8096950371057514 0.009963768115942028 0.01375
0 0.3815654885142464 0.7729510667903525 0.010869565217391304 0.015
0 0.5373407432801846 0.6482780612244897 0.009963768115942028 0.01375
0 0.5291885693671411 0.6320280612244898 0.009963768115942028 0.01375
0 0.5137183167074474 0.6220937693259122 0.009963768115942028 0.01375
0 0.5068769437946459 0.6614691558441558 0.010869565217391304 0.015
0 0.4561517459421187 0.6914366883116884 0.009963768115942028 0.01375
0 0.43736807964292446 0.6450544990723563 0.009963768115942028 0.01375
0 0.4255927173240839 0.6238044990723562 0.010869565217391304 0.015
0 0.48868929983060433 0.8014382343846629 0.009963768115942028 0.01375
0 0.4415872903838744 0.8395636209029065 0.009963768115942028 0.01375
0 0.38316253708334463 0.8976565398886827 0.009963768115942028 0.01375
0 0.5113107001693961 0.905682977736549 0.010869565217391304 0.015
0 0.5332408490405387 0.8786761750154607 0.009963768115942028 0.01375
