0 0.31188969329497285 0.06448786332714918 0.009963768115942028 0.01375
0 0.3082665048891758 0.08323786332714916 0.010869565217391304 0.015
0 0.24755345155189884 0.4362689393939394 0.010869565217391304 0.015
0 0.29491762119867715 0.47080898268398275 0.010869565217391304 0.015
0 0.29220022989432937 0.48455898268398273 0.010869565217391304 0.015
0 0.24652833794914547 0.5992644557823129 0.009963768115942028 0.01375
0 0.3401604218762605 0.38156423933209654 0.010869565217391304 0.015
0 0.4448766166545671 0.3370241960420532 0.009963768115942028 0.01375
0 0.5536215639088311 0.3435045609152752 0.010869565217391304 0.015
0 0.5532400872074787 0.4452493042671614 0.009963768115942028 0.01375
0 0.49834329318024984 0.4590982529375387 0.009963768115942028 0.01375
0 0.5086409234312962 0.5027500773036487 0.009963768115942028 0.01375
0 0.5502605357030823 0.5256450989486704 0.009963768115942028 0.01375
0 0.3988949499430867 0.6974895640074211 0.010869565217391304 0.015
0 0.3042142252157781 0.7576217532467533 0.009963768115942028 0.01375
0 0.6791475648230308 0.919235853432282 0.009963768115942028 0.01375
0 0.669970277307234 0.5411058286951144 0.009963768115942028 0.01375
0 0.7161664896525146 0.5196911719233148 0.009963768115942028 0.01375
0 0.5684481796671239 0.2818920068027211 0.010869565217391304 0.015
0 0.677288356053884 0.27077342300556595 0.009963768115942028 0.01375
0 0.8036725395032851 0.3082409554730984 0.009963768115942028 0.01375
0 0.819976887329372 0.2919909554730984 0.010869565217391304 0.015
0 0.6108066579728071 0.15363365800865808 0.010869565217391304 0.015
0 0.6975021398546245 0.06146142547928278 0.010869565217391304 0.015
0 0.558579640683678 0.10540932282003723 0.009963768115942028 0.01375
0 0.5540506551764317 0.048796768707483125 0.009963768115942028 0.01375
