0 0.6768592647862836 0.07389571737786028 0.010869565217391304 0.015
0 0.6029642588260602 0.10843576066790363 0.009963768115942028 0.01375
0 0.6781465385890854 0.26745091218305506 0.009963768115942028 0.01375
0 0.5630610116246764 0.3008723716759431 0.010869565217391304 0.015
0 0.557077821247076 0.33975456091527517 0.009963768115942028 0.01375
0 0.5467325764297817 0.45821003401360544 0.010869565217391304 0.015
0 0.5426802967563837 0.48919720160791597 0.009963768115942028 0.01375
0 0.37479581753650093 0.7006474180581325 0.010869565217391304 0.015
0 0.3137489020641196 0.7564374613481756 0.009963768115942028 0.01375
0 0.24738652048434664 0.5634087043908472 0.009963768115942028 0.01375
0 0.2368267300332519 0.45452574211502794 0.010869565217391304 0.015
0 0.3573470396063565 0.37192602040816325 0.010869565217391304 0.015
0 0.4113856510983841 0.3503467068645641 0.009963768115942028 0.01375
