0 0.8530152344205142 0.301694882498454 0.010869565217391304 0.015
0 0.8294404224140252 0.3382084879406308 0.009963768115942028 0.01375
0 0.8296549680478253 0.3864985312306742 0.009963768115942028 0.01375
0 0.8335403166536708 0.4156435528756958 0.010869565217391304 0.015
0 0.9064102090111409 0.3392281230674088 0.009963768115942028 0.01375
0 0.9726773614584177 0.3774524582560298 0.010869565217391304 0.015
0 0.9455745901786275 0.41587391774891785 0.010869565217391304 0.015
0 0.9323450229894331 0.5037697124304268 0.009963768115942028 0.01375
0 0.8776627745960046 0.5800537260358689 0.010869565217391304 0.015
0 0.8973522379966481 0.6367319882498453 0.009963768115942028 0.01375
0 0.9477676610828787 0.6248898423005566 0.009963768115942028 0.01375
0 0.9528450543590298 0.6742984693877552 0.009963768115942028 0.01375
0 0.8969231467290476 0.6935749072356215 0.009963768115942028 0.01375
0 0.799453328762335 0.6393966450216451 0.009963768115942028 0.01375
0 0.8088451619119321 0.5853497990105133 0.009963768115942028 0.01375
0 0.7484418833409517 0.6141330395794682 0.009963768115942028 0.01375
0 0.7181450149229653 0.5868958719851577 0.010869565217391304 0.015
0 0.7393839123264591 0.5707772881880024 0.010869565217391304 0.015
0 0.7732563545839944 0.7238385126777984 0.010869565217391304 0.015
0 0.8886516563146999 0.8360439857761286 0.010869565217391304 0.015
0 0.8803801659003524 0.7863392857142857 0.009963768115942028 0.01375
0 0.8274618971435744 0.8533468614718615 0.010869565217391304 0.015
0 0.7960923005565865 0.7996617965367966 0.009963768115942028 0.01375
0 0.7602413330286002 0.7792010667903526 0.009963768115942028 0.01375
0 0.7810987537307416 0.7866353586889301 0.009963768115942028 0.01375
0 0.7266310509711131 0.7482796072974645 0.009963768115942028 0.01375
0 0.6854405299669275 0.8796958101422386 0.009963768115942028 0.01375
0 0.6271350931677021 0.8694654452690166 0.009963768115942028 0.01375
0 0.5563389552131789 0.8833801020408163 0.009963768115942028 0.01375
0 0.596456748048363 0.7817010667903526 0.009963768115942028 0.01375
0 0.5487587162664803 0.7624246289424861 0.010869565217391304 0.015
0 0.6405792059906968 0.6867327612863326 0.009963768115942028 0.01375
0 0.6683256141718875 0.6693641774891774 0.009963768115942028 0.01375
0 0.6526408158783936 0.640646645021645 0.009963768115942028 0.01375
0 0.6795766560906313 0.5541322665429809 0.010869565217391304 0.015
0 0.7570948504566518 0.5141647340754484 0.009963768115942028 0.01375
0 0.5905928741720669 0.5392636827458257 0.009963768115942028 0.01375
0 0.60274971319226 0.4548218150896723 0.009963768115942028 0.01375
0 0.5400105200182842 0.420512136672851 0.009963768115942028 0.01375
0 0.5455646191282838 0.518868661100804 0.009963768115942028 0.01375
0 0.5890434401692167 0.5779155071119357 0.009963768115942028 0.01375
0 0.5597475979851758 0.6029487476808906 0.009963768115942028 0.01375
0 0.5330263034067383 0.6165673314780458 0.009963768115942028 0.01375
0 0.48265849488675594 0.6337387909709338 0.009963768115942028 0.01375
0 0.47088313256791536 0.6499887909709338 0.009963768115942028 0.01375
0 0.4438279758543735 0.6966013450834879 0.010869565217391304 0.015
0 0.35894408817545476 0.7095620748299319 0.009963768115942028 0.01375
0 0.33830121310711386 0.7136081478045765 0.009963768115942028 0.01375
0 0.3188262953402706 0.7331149505256647 0.010869565217391304 0.015
0 0.29689614646912793 0.7674246289424861 0.010869565217391304 0.015
0 0.2684108722540401 0.7755167748917748 0.009963768115942028 0.01375
0 0.27672997723463577 0.8114382343846629 0.009963768115942028 0.01375
0 0.42215998718327924 0.8858143939393939 0.010869565217391304 0.015
0 0.21890124626925883 0.7850235776128633 0.009963768115942028 0.01375
0 0.3220203924784671 0.6025869666048238 0.010869565217391304 0.015
0 0.29870774067202643 0.6153830395794682 0.010869565217391304 0.015
0 0.25117663995769596 0.6026526747062462 0.009963768115942028 0.01375
0 0.20476588197861495 0.6302516233766233 0.009963768115942028 0.01375
0 0.19751950516702074 0.6127516233766234 0.010869565217391304 0.015
0 0.20924725291961324 0.5448558286951144 0.009963768115942028 0.01375
0 0.2146344209620608 0.5250529529993816 0.009963768115942028 0.01375
0 0.15947546673478358 0.5079804421768708 0.009963768115942028 0.01375
0 0.15547080162763402 0.45452574211502794 0.009963768115942028 0.01375
0 0.23932957570379945 0.43317679344465065 0.009963768115942028 0.01375
0 0.2194020394719154 0.4194267934446506 0.010869565217391304 0.015
0 0.24669526901669764 0.48919720160791597 0.009963768115942028 0.01375
0 0.27310678882883865 0.48133542053184913 0.010869565217391304 0.015
0 0.28180737051078675 0.42728857452071733 0.010869565217391304 0.015
0 0.3342965479999642 0.4304464285714286 0.009963768115942028 0.01375
0 0.35174532593010865 0.4720589826839827 0.009963768115942028 0.01375
0 0.35377146576680746 0.5229147340754483 0.010869565217391304 0.015
0 0.3418767869466628 0.551270485466914 0.010869565217391304 0.015
0 0.44804718659532333 0.5324872448979592 0.009963768115942028 0.01375
0 0.5386280170829861 0.3225173933209648 0.009963768115942028 0.01375
0 0.5688772709347244 0.32560953927025366 0.009963768115942028 0.01375
0 0.5668035165317775 0.2495558905380335 0.009963768115942028 0.01375
0 0.5785788788506181 0.2495558905380335 0.009963768115942028 0.01375
0 0.620031560054852 0.26126662028447756 0.010869565217391304 0.015
0 0.7149509177847689 0.266200912183055 0.009963768115942028 0.01375
0 0.6706615287748829 0.2028776283240569 0.009963768115942028 0.01375
0 0.6476827391035467 0.1923511904761905 0.009963768115942028 0.01375
0 0.688539397972628 0.17925904452690175 0.009963768115942028 0.01375
0 0.7519222280480045 0.060573206555349514 0.009963768115942028 0.01375
0 0.651353542075592 0.0924485930735932 0.010869565217391304 0.015
0 0.6446314856640946 0.06705357142857153 0.009963768115942028 0.01375
0 0.587017300332518 0.04606640383426111 0.010869565217391304 0.015
0 0.5872318459663182 0.11402790661719236 0.009963768115942028 0.01375
0 0.543538479291585 0.04790854978354986 0.009963768115942028 0.01375
0 0.523419924623341 0.05915854978354986 0.009963768115942028 0.01375
0 0.4239239668199297 0.11409361471861487 0.009963768115942028 0.01375
0 0.3820421943480951 0.0648496444032159 0.009963768115942028 0.01375
0 0.3358935965690625 0.10429073902288195 0.009963768115942028 0.01375
0 0.24588470104774465 0.12307397959183689 0.009963768115942028 0.01375
0 0.2910322725928317 0.22666086889301185 0.009963768115942028 0.01375
0 0.2556580108986942 0.20781192022263453 0.009963768115942028 0.01375
0 0.24018775823900054 0.2399833797155226 0.009963768115942028 0.01375
0 0.2478156117519473 0.30728702844774275 0.010869565217391304 0.015
0 0.26862541788784033 0.30301059059987634 0.009963768115942028 0.01375
0 0.27487076846548913 0.2659048392084107 0.010869565217391304 0.015
0 0.3239989177489178 0.23902945269016698 0.009963768115942028 0.01375
0 0.3456669064200121 0.21916086889301184 0.010869565217391304 0.015
0 0.39543869260484177 0.21827264996907858 0.009963768115942028 0.01375
0 0.4158670220393824 0.22166086889301184 0.009963768115942028 0.01375
0 0.43395943687092764 0.492947201607916 0.009963768115942028 0.01375
0 0.35467726286825674 0.35462314471243045 0.009963768115942028 0.01375
0 0.49610260770975073 0.3862024582560298 0.009963768115942028 0.01375
0 0.4651621023903633 0.31508310142238716 0.009963768115942028 0.01375
