0 0.5518099697059325 0.04665854978354986 0.009963768115942028 0.01375
0 0.557030206680828 0.10636324984539286 0.010869565217391304 0.015
0 0.6087805181361083 0.1472190012368584 0.009963768115942028 0.01375
0 0.6917334951108245 0.06402713358070514 0.009963768115942028 0.01375
0 0.6748331249495848 0.2723852040816327 0.009963768115942028 0.01375
0 0.8045783366047343 0.30396451762523197 0.009963768115942028 0.01375
0 0.7156421692524179 0.5240333178726037 0.009963768115942028 0.01375
0 0.6674674316366864 0.5379479746444032 0.009963768115942028 0.01375
0 0.5458267793283323 0.5274872448979592 0.010869565217391304 0.015
0 0.5496168988016816 0.443472866419295 0.009963768115942028 0.01375
0 0.5518575842721808 0.3477809987631417 0.009963768115942028 0.01375
0 0.565730788362776 0.2863655689548547 0.009963768115942028 0.01375
0 0.4377971709105251 0.3438663419913421 0.009963768115942028 0.01375
0 0.3376099616394649 0.3878142393320965 0.009963768115942028 0.01375
0 0.5045886437578986 0.4984736394557824 0.009963768115942028 0.01375
0 0.49445794457440434 0.46403254483611633 0.009963768115942028 0.01375
0 0.3954863071710899 0.7000552721088436 0.009963768115942028 0.01375
0 0.3051676368834755 0.7575560451453307 0.009963768115942028 0.01375
0 0.2453603806476478 0.5970605287569574 0.009963768115942028 0.01375
0 0.24557492628144809 0.4352493042671614 0.009963768115942028 0.01375
0 0.6782893822878295 0.9211437074829931 0.010869565217391304 0.015
