0 0.7208147916610651 0.05225069573283875 0.009963768115942028 0.01375
0 0.5718092078728726 0.04053996598639472 0.010869565217391304 0.015
0 0.5718568224391208 0.10702110389610396 0.009963768115942028 0.01375
0 0.634977492314449 0.17725224180581337 0.009963768115942028 0.01375
0 0.6558825275828384 0.18300904452690175 0.010869565217391304 0.015
0 0.6726400540453337 0.16577187693259135 0.010869565217391304 0.015
0 0.695690545651726 0.26745091218305506 0.010869565217391304 0.015
0 0.5944306082116644 0.26429305813234394 0.009963768115942028 0.01375
0 0.5617261232556267 0.3333399041434757 0.010869565217391304 0.015
0 0.5803428584872686 0.44554537724180593 0.009963768115942028 0.01375
0 0.5236344702571412 0.430972866419295 0.009963768115942028 0.01375
0 0.5213461702203939 0.5074540043290043 0.010869565217391304 0.015
0 0.4752451870076096 0.32679383116883115 0.009963768115942028 0.01375
0 0.4021607490163392 0.09517895794681522 0.009963768115942028 0.01375
0 0.3788957117761466 0.0578428416821275 0.009963768115942028 0.01375
0 0.3338674567323637 0.034355674087817076 0.010869565217391304 0.015
0 0.32378437211511757 0.1007053957946816 0.009963768115942028 0.01375
0 0.26819632662023973 0.21416086889301184 0.009963768115942028 0.01375
0 0.3159419729683706 0.23314123376623386 0.009963768115942028 0.01375
0 0.3329616596309144 0.22689123376623385 0.009963768115942028 0.01375
0 0.3492424802595611 0.3655113636363637 0.009963768115942028 0.01375
0 0.31844481863891816 0.4385385745207174 0.009963768115942028 0.01375
0 0.2668614382511899 0.428472866419295 0.009963768115942028 0.01375
0 0.3264541488532173 0.475447201607916 0.010869565217391304 0.015
0 0.2552289196310937 0.6011066017316018 0.009963768115942028 0.01375
0 0.32757449158846685 0.5327176097711812 0.010869565217391304 0.015
0 0.4268559037580778 0.6917327612863327 0.009963768115942028 0.01375
0 0.31498856130067326 0.7383453153988867 0.010869565217391304 0.015
0 0.42435305808753027 0.9059790507111936 0.009963768115942028 0.01375
0 0.45801095471126535 0.956637677798392 0.009963768115942028 0.01375
0 0.5917608314735645 0.8651890074211502 0.010869565217391304 0.015
0 0.6818649561273786 0.8932486858379716 0.009963768115942028 0.01375
0 0.5666842000304735 0.8716693722943722 0.010869565217391304 0.015
0 0.5641813543599259 0.5763037260358689 0.010869565217391304 0.015
0 0.5297128897672377 0.6060408936301793 0.010869565217391304 0.015
0 0.5740022787771237 0.5308097557204701 0.009963768115942028 0.01375
0 0.6789330191892304 0.5450861935683364 0.009963768115942028 0.01375
0 0.742792555098456 0.5074540043290043 0.009963768115942028 0.01375
0 0.8733959492888066 0.551040120593692 0.010869565217391304 0.015
0 0.9099381682844417 0.5083422232529375 0.009963768115942028 0.01375
0 0.8892476786498528 0.6415348639455783 0.010869565217391304 0.015
0 0.9269102403807374 0.6577848639455783 0.009963768115942028 0.01375
0 0.9302712685864862 0.6292976963512679 0.010869565217391304 0.015
0 0.9271724005807859 0.3886367501546073 0.009963768115942028 0.01375
0 0.8908923417851992 0.3450506338899197 0.009963768115942028 0.01375
0 0.8182369950615295 0.32156346629560917 0.009963768115942028 0.01375
0 0.8415496468679701 0.29653022572665433 0.010869565217391304 0.015
0 0.8305607651492746 0.8417018398268398 0.009963768115942028 0.01375
