0 0.3206378895431692 0.05027713358070514 0.010869565217391304 0.015
0 0.31188969329497285 0.09090252009894882 0.010869565217391304 0.015
0 0.3806596914127971 0.0729417903525048 0.010869565217391304 0.015
0 0.5617261232556267 0.04363211193568347 0.009963768115942028 0.01375
0 0.5633707863909729 0.10165932282003723 0.009963768115942028 0.01375
0 0.6226537222267037 0.16106794990723572 0.010869565217391304 0.015
0 0.705773630268972 0.05356640383426111 0.009963768115942028 0.01375
0 0.5798661526534199 0.27245091218305506 0.009963768115942028 0.01375
0 0.6844871182992303 0.2684048392084107 0.010869565217391304 0.015
0 0.8095364133795813 0.3085370284477428 0.009963768115942028 0.01375
0 0.8303938340817224 0.2936684446505876 0.009963768115942028 0.01375
0 0.8925610922893533 0.3634720933828078 0.010869565217391304 0.015
0 0.9115828314197881 0.37472209338280776 0.009963768115942028 0.01375
0 0.8889138165147484 0.5129804421768708 0.009963768115942028 0.01375
0 0.8682709414464075 0.5305136827458257 0.009963768115942028 0.01375
0 0.7275844626388106 0.5108422232529376 0.010869565217391304 0.015
0 0.6733313055129826 0.5414676097711812 0.010869565217391304 0.015
0 0.5572447523146282 0.5324872448979592 0.010869565217391304 0.015
0 0.5655162427289759 0.4402493042671614 0.010869565217391304 0.015
0 0.5583174804836297 0.3363663419913421 0.009963768115942028 0.01375
0 0.5068769437946459 0.4464993042671614 0.009963768115942028 0.01375
0 0.5130746798060464 0.5050197124304268 0.009963768115942028 0.01375
0 0.45684299740976775 0.3305438311688312 0.009963768115942028 0.01375
0 0.34795520645675937 0.3728799474335189 0.009963768115942028 0.01375
0 0.25837540220304206 0.4316307204700063 0.009963768115942028 0.01375
0 0.30783741362157524 0.45386788806431666 0.010869565217391304 0.015
0 0.30895775635682476 0.482947201607916 0.010869565217391304 0.015
0 0.2521300516253933 0.5980144557823129 0.009963768115942028 0.01375
0 0.4075955316250348 0.6901866883116884 0.010869565217391304 0.015
0 0.6818649561273786 0.9065711966604824 0.009963768115942028 0.01375
0 0.3094820767569216 0.74923353432282 0.009963768115942028 0.01375
