0 0.7169770576214677 0.051888914656771874 0.009963768115942028 0.01375
0 0.6693742549720814 0.16445616883116884 0.009963768115942028 0.01375
0 0.65850468975469 0.17945616883116883 0.010869565217391304 0.015
0 0.6298524844720499 0.17350224180581336 0.010869565217391304 0.015
0 0.5668511310980258 0.03922425788497222 0.009963768115942028 0.01375
0 0.5691394311347729 0.10267895794681521 0.009963768115942028 0.01375
0 0.39729790137398846 0.09024466604823758 0.010869565217391304 0.015
0 0.3806596914127971 0.058434987631416246 0.009963768115942028 0.01375
0 0.329815177058966 0.03952033085961673 0.009963768115942028 0.01375
0 0.31925538660787117 0.10011324984539285 0.009963768115942028 0.01375
0 0.26366734111299334 0.42735428262213987 0.009963768115942028 0.01375
0 0.31877868077402255 0.23093730674087823 0.010869565217391304 0.015
0 0.47300450153711027 0.32708990414347566 0.009963768115942028 0.01375
0 0.5612970319880258 0.3345241960420532 0.009963768115942028 0.01375
0 0.5901637829044664 0.2690626932591219 0.009963768115942028 0.01375
0 0.6923771320122254 0.26679305813234394 0.010869565217391304 0.015
0 0.813755624120531 0.31531346629560913 0.010869565217391304 0.015
0 0.8406438497665208 0.2930762987012987 0.010869565217391304 0.015
0 0.8943009845571959 0.34939277983920847 0.009963768115942028 0.01375
0 0.9231201209073882 0.3833406771799629 0.009963768115942028 0.01375
0 0.9025724749715434 0.5054804421768708 0.009963768115942028 0.01375
0 0.8723708356860533 0.5451519016697588 0.010869565217391304 0.015
0 0.9240259180088375 0.6443966450216451 0.010869565217391304 0.015
0 0.7393839123264591 0.5048225881261597 0.009963768115942028 0.01375
0 0.6782893822878295 0.5448558286951144 0.009963768115942028 0.01375
0 0.5760284186138225 0.4425189393939394 0.010869565217391304 0.015
0 0.5184142332822459 0.4353150123685839 0.010869565217391304 0.015
0 0.5209170789527934 0.5070922232529376 0.009963768115942028 0.01375
0 0.5686627253009242 0.5324872448979592 0.010869565217391304 0.015
0 0.557721458148477 0.5735733611626469 0.009963768115942028 0.01375
0 0.5303089121023905 0.6030144557823129 0.009963768115942028 0.01375
0 0.34657270352146136 0.3663338744588745 0.010869565217391304 0.015
0 0.31567981276832213 0.44436108534322827 0.009963768115942028 0.01375
0 0.31968447787547183 0.4757432745825604 0.009963768115942028 0.01375
0 0.254799828363493 0.6016987476808905 0.009963768115942028 0.01375
0 0.31429730983302423 0.7415031694495979 0.010869565217391304 0.015
0 0.42237453281707954 0.6916670531849104 0.009963768115942028 0.01375
0 0.4509791235334715 0.9508808750773037 0.010869565217391304 0.015
0 0.42072986968173315 0.9118015615337043 0.009963768115942028 0.01375
0 0.6847968930655268 0.8969986858379716 0.009963768115942028 0.01375
0 0.8369489594256677 0.8376557668521954 0.009963768115942028 0.01375
