0 0.48106144631765757 0.06646142547928278 0.009963768115942028 0.01375
0 0.48773588816290686 0.027447820037105827 0.009963768115942028 0.01375
0 0.37281729226605015 0.0785996444032159 0.009963768115942028 0.01375
0 0.3307209741604153 0.08185644712430432 0.009963768115942028 0.01375
0 0.2573743759690966 0.08001430117501557 0.010869565217391304 0.015
0 0.19072574682046742 0.23504908781694497 0.009963768115942028 0.01375
0 0.24083139514040144 0.2618587662337663 0.009963768115942028 0.01375
0 0.3324373392308176 0.31662917439703164 0.009963768115942028 0.01375
0 0.24242844370949973 0.47080898268398275 0.009963768115942028 0.01375
0 0.2941787551647801 0.5776194341372913 0.009963768115942028 0.01375
0 0.48778350272915505 0.4968618583797155 0.010869565217391304 0.015
0 0.27482315389924095 0.6511730828695115 0.009963768115942028 0.01375
0 0.2534173254281951 0.7411413883735313 0.009963768115942028 0.01375
0 0.5816301322900703 0.5459744124922696 0.009963768115942028 0.01375
0 0.6233449736943528 0.5822576530612245 0.010869565217391304 0.015
0 0.6081368812347074 0.6307123531230674 0.009963768115942028 0.01375
0 0.5868027546987176 0.6527848639455783 0.009963768115942028 0.01375
0 0.6318310097425006 0.8200568181818181 0.009963768115942028 0.01375
0 0.5809864953886694 0.9589073129251701 0.009963768115942028 0.01375
0 0.8171166523262798 0.9416044372294371 0.009963768115942028 0.01375
0 0.8612391102686137 0.5971262368583797 0.009963768115942028 0.01375
0 0.7846743275702904 0.47242076376004943 0.009963768115942028 0.01375
0 0.8440048779722694 0.37472209338280776 0.010869565217391304 0.015
