0 0.8285346253125759 0.7437070964749536 0.010869565217391304 0.015
0 0.8285346253125759 0.7174570964749536 0.009963768115942028 0.01375
0 0.87730538526346 0.6051526747062461 0.009963768115942028 0.01375
0 0.7945428665537363 0.4782432745825604 0.010869565217391304 0.015
0 0.8664117326772607 0.3793603123067409 0.010869565217391304 0.015
0 0.8998074691009476 0.28593807977736563 0.009963768115942028 0.01375
0 0.9163504499296428 0.2355755256648115 0.010869565217391304 0.015
0 0.7709680545472473 0.3966631880024738 0.009963768115942028 0.01375
0 0.7467496056393574 0.37656423933209654 0.009963768115942028 0.01375
0 0.8026474259005316 0.3264977581941868 0.010869565217391304 0.015
0 0.7656285010710479 0.261200912183055 0.009963768115942028 0.01375
0 0.523467539189589 0.17564046072974648 0.009963768115942028 0.01375
0 0.503540002957705 0.1518904607297465 0.010869565217391304 0.015
0 0.481275991951458 0.09590252009894883 0.009963768115942028 0.01375
0 0.5022527291549033 0.023993893011750204 0.009963768115942028 0.01375
0 0.3976793780753409 0.07448786332714917 0.009963768115942028 0.01375
0 0.3866904963566456 0.027809601113172704 0.009963768115942028 0.01375
0 0.33115006542801584 0.09185644712430431 0.009963768115942028 0.01375
0 0.26798178098643943 0.09761324984539285 0.010869565217391304 0.015
0 0.26569348094969225 0.26899698515769954 0.009963768115942028 0.01375
0 0.17675731359737576 0.2343255256648115 0.010869565217391304 0.015
0 0.34747850062291064 0.298964517625232 0.010869565217391304 0.015
0 0.2585899478368423 0.4600521799628943 0.009963768115942028 0.01375
0 0.1592609211009833 0.5408754638218923 0.009963768115942028 0.01375
0 0.15499409579378534 0.5794615800865801 0.010869565217391304 0.015
0 0.21234612092531352 0.6156134044526902 0.009963768115942028 0.01375
0 0.23949650677135162 0.6091330395794682 0.010869565217391304 0.015
0 0.30836173402167205 0.576073361162647 0.009963768115942028 0.01375
0 0.28836249585473195 0.6341005720470005 0.009963768115942028 0.01375
0 0.26883996352164063 0.7711089208410636 0.010869565217391304 0.015
0 0.24578947191524836 0.7575560451453307 0.010869565217391304 0.015
0 0.23143956199080432 0.7457796072974645 0.009963768115942028 0.01375
0 0.40375779758543745 0.9106172696351267 0.010869565217391304 0.015
0 0.4259501066566285 0.9622955318491031 0.009963768115942028 0.01375
0 0.4969607902449518 0.3926171150278293 0.009963768115942028 0.01375
0 0.5375076743477367 0.3948210420531849 0.010869565217391304 0.015
0 0.5431093880239846 0.424492501546073 0.009963768115942028 0.01375
0 0.5140280914737438 0.44238752319109464 0.009963768115942028 0.01375
0 0.5092845603326971 0.49715793135436004 0.009963768115942028 0.01375
0 0.5984352733188139 0.5367636827458256 0.009963768115942028 0.01375
0 0.5776254671829208 0.5175529529993816 0.010869565217391304 0.015
0 0.6387676117877983 0.5729812152133581 0.010869565217391304 0.015
0 0.6309252126410514 0.6323898423005566 0.009963768115942028 0.01375
0 0.6000799364541601 0.6710416666666665 0.010869565217391304 0.015
0 0.6347153321144007 0.8082803803339518 0.009963768115942028 0.01375
0 0.4873544114615545 0.7894971397649968 0.010869565217391304 0.015
0 0.5072584204959982 0.7461413883735313 0.009963768115942028 0.01375
0 0.43689137380907583 0.6999895640074212 0.009963768115942028 0.01375
0 0.4297878406962259 0.729003169449598 0.009963768115942028 0.01375
0 0.5962422024145629 0.96515731292517 0.009963768115942028 0.01375
0 0.8203583640307244 0.9536112399505257 0.010869565217391304 0.015
0 0.4685231305961121 0.8570968614718615 0.009963768115942028 0.01375
0 0.4506452613983672 0.8855183209647496 0.010869565217391304 0.015
