0 0.4016364286162424 0.0766917903525048 0.009963768115942028 0.01375
0 0.33188893146191295 0.09649466604823757 0.010869565217391304 0.015
0 0.27375042573023944 0.10725146876932598 0.010869565217391304 0.015
0 0.17008287175212647 0.23064123376623386 0.010869565217391304 0.015
0 0.27139042375843625 0.2698852040816327 0.009963768115942028 0.01375
0 0.3525794210965019 0.2925498608534323 0.009963768115942028 0.01375
0 0.4786538297796063 0.09876430117501556 0.010869565217391304 0.015
0 0.5023479582873995 0.15251507421150293 0.009963768115942028 0.01375
0 0.5305710723024388 0.18646297155225738 0.009963768115942028 0.01375
0 0.503468301022649 0.02067138218923944 0.009963768115942028 0.01375
0 0.38626140508904494 0.02678996598639472 0.010869565217391304 0.015
0 0.7308502617120631 0.1294886363636364 0.010869565217391304 0.015
0 0.770062257445798 0.248009817563389 0.009963768115942028 0.01375
0 0.8039346997033334 0.3301820500927644 0.010869565217391304 0.015
0 0.7770464740573437 0.40393282312925183 0.010869565217391304 0.015
0 0.7467972202056053 0.3753142393320965 0.010869565217391304 0.015
0 0.7944952519874882 0.48353934755720474 0.009963768115942028 0.01375
0 0.8695582152492093 0.3738338744588745 0.009963768115942028 0.01375
0 0.9002365603685482 0.2943262987012987 0.009963768115942028 0.01375
0 0.9179474984987409 0.22231872294372296 0.009963768115942028 0.01375
0 0.8788307318975022 0.6050212585034014 0.010869565217391304 0.015
0 0.9024772458390472 0.6041987476808905 0.010869565217391304 0.015
0 0.9303188831527343 0.6073566017316018 0.009963768115942028 0.01375
0 0.8859342650103521 0.12152790661719237 0.010869565217391304 0.015
0 0.9396631017360834 0.1595875850340137 0.010869565217391304 0.015
0 0.936444917229079 0.4313346474953619 0.009963768115942028 0.01375
0 0.9696978099540212 0.4993618583797155 0.010869565217391304 0.015
0 0.8319432680845726 0.7101542207792206 0.010869565217391304 0.015
0 0.8301792884479222 0.7488717532467533 0.009963768115942028 0.01375
0 0.87020185215061 0.7683785559678417 0.009963768115942028 0.01375
0 0.9039073633405934 0.7847275046382188 0.009963768115942028 0.01375
0 0.8231950718363764 0.8323596938775509 0.009963768115942028 0.01375
0 0.8208350698645731 0.8586429344465059 0.009963768115942028 0.01375
0 0.8212165465659257 0.96140731292517 0.010869565217391304 0.015
0 0.7168101265539155 0.8437743506493506 0.009963768115942028 0.01375
0 0.7005057787278285 0.8300243506493505 0.009963768115942028 0.01375
0 0.7009107826266212 0.8811761750154606 0.009963768115942028 0.01375
0 0.6864180290034329 0.8799261750154607 0.010869565217391304 0.015
0 0.5631803281259804 0.8718340290661719 0.009963768115942028 0.01375
0 0.6394112486891992 0.5701851422387137 0.010869565217391304 0.015
0 0.6360978350496985 0.6273898423005566 0.009963768115942028 0.01375
0 0.6058485811979601 0.6734759585652443 0.009963768115942028 0.01375
0 0.5910219654396675 0.520579390847248 0.009963768115942028 0.01375
0 0.6109495016715515 0.541829390847248 0.009963768115942028 0.01375
0 0.5681860194670755 0.5070265151515152 0.009963768115942028 0.01375
0 0.5473762133311824 0.4300846474953619 0.009963768115942028 0.01375
0 0.5453024589282355 0.3923867501546073 0.009963768115942028 0.01375
0 0.4973898815125526 0.3954788961038962 0.010869565217391304 0.015
0 0.5218228760542426 0.439953231292517 0.009963768115942028 0.01375
0 0.5090700146988968 0.49715793135436004 0.009963768115942028 0.01375
0 0.5151484342089934 0.7384110235003092 0.009963768115942028 0.01375
0 0.48709225126150596 0.7918657235621521 0.009963768115942028 0.01375
0 0.4698104043989139 0.848840058750773 0.009963768115942028 0.01375
0 0.4526237866688179 0.8973604669140383 0.009963768115942028 0.01375
0 0.4321478426680291 0.929235853432282 0.009963768115942028 0.01375
0 0.40802462289263547 0.9074594155844156 0.010869565217391304 0.015
0 0.4312420455665798 0.9604533858998144 0.009963768115942028 0.01375
0 0.6376472690525486 0.8101225262832407 0.010869565217391304 0.015
0 0.42931113486237726 0.7228845856524427 0.009963768115942028 0.01375
0 0.43982331074722397 0.6976209802102659 0.009963768115942028 0.01375
0 0.4412058136825219 0.5754155071119357 0.009963768115942028 0.01375
0 0.42218407455208706 0.5579155071119357 0.009963768115942028 0.01375
0 0.38685742742419776 0.5961066017316018 0.009963768115942028 0.01375
0 0.4131020161687865 0.6266662801484231 0.010869565217391304 0.015
0 0.30848105052297614 0.5827840909090909 0.009963768115942028 0.01375
0 0.2912944327928801 0.6304819882498454 0.010869565217391304 0.015
0 0.24397787771234983 0.6089026747062461 0.010869565217391304 0.015
0 0.2309152415907075 0.564000850340136 0.009963768115942028 0.01375
0 0.20705418201536224 0.5790997990105133 0.010869565217391304 0.015
0 0.2081269101843637 0.6205476963512678 0.009963768115942028 0.01375
0 0.24617094861660094 0.7575560451453307 0.010869565217391304 0.015
0 0.2775881597698369 0.7755824829931973 0.009963768115942028 0.01375
0 0.15802126186442966 0.5806458719851577 0.010869565217391304 0.015
0 0.16810434648167574 0.5232108070500928 0.009963768115942028 0.01375
0 0.26729052951879045 0.46189432591218305 0.009963768115942028 0.01375
0 0.5966712936821634 0.9737101886209029 0.010869565217391304 0.015
