0 0.8528006887867138 0.3734720933828078 0.010869565217391304 0.015
0 0.7897993354126895 0.4702825448361163 0.009963768115942028 0.01375
0 0.8675796899787586 0.5997908936301793 0.009963768115942028 0.01375
0 0.8182369950615295 0.9442690940012368 0.010869565217391304 0.015
0 0.6340240806467515 0.8149911100803958 0.009963768115942028 0.01375
0 0.5865405944986692 0.9613416048237476 0.009963768115942028 0.01375
0 0.480632355050057 0.7792010667903526 0.010869565217391304 0.015
0 0.5910695800059156 0.6543309369202226 0.009963768115942028 0.01375
0 0.6165753027166071 0.6257780612244899 0.009963768115942028 0.01375
0 0.6282078213367036 0.580481215213358 0.009963768115942028 0.01375
0 0.5899016227044179 0.5405136827458257 0.010869565217391304 0.015
0 0.49769965627884893 0.4915657854050711 0.010869565217391304 0.015
0 0.5001072728169004 0.4043278447742733 0.010869565217391304 0.015
0 0.49829567861400187 0.42557784477427335 0.010869565217391304 0.015
0 0.47941678318231123 0.08008000927643792 0.009963768115942028 0.01375
0 0.4926939649377538 0.02619782003710583 0.010869565217391304 0.015
0 0.3792771884774992 0.07728393630179355 0.010869565217391304 0.015
0 0.3323180227295135 0.08429073902288195 0.009963768115942028 0.01375
0 0.25897142453819477 0.0781721552257268 0.009963768115942028 0.01375
0 0.24743413505059472 0.2633391311069883 0.009963768115942028 0.01375
0 0.18731710404847057 0.23468730674087823 0.010869565217391304 0.015
0 0.335583821802766 0.3085370284477428 0.010869565217391304 0.015
0 0.24760106611814692 0.46821003401360545 0.010869565217391304 0.015
0 0.2991368319396271 0.5763694341372912 0.010869565217391304 0.015
0 0.2779696364711894 0.6468309369202225 0.010869565217391304 0.015
0 0.25625403323384693 0.7473913883735313 0.009963768115942028 0.01375
0 0.4283101086284317 0.7272924397031539 0.009963768115942028 0.01375
0 0.43219545723427727 0.7043974180581324 0.009963768115942028 0.01375
0 0.771611691448648 0.2905105905998764 0.010869565217391304 0.015
0 0.7888218363761843 0.31051059059987635 0.009963768115942028 0.01375
