0 0.8124207357514812 0.9480190940012367 0.009963768115942028 0.01375
0 0.6216286086239504 0.8305832560296845 0.009963768115942028 0.01375
0 0.5743120535434201 0.9597955318491032 0.009963768115942028 0.01375
0 0.8549937596909649 0.5983105287569573 0.009963768115942028 0.01375
0 0.7786435226264421 0.47367076376004946 0.009963768115942028 0.01375
0 0.8370206613607237 0.3812024582560298 0.010869565217391304 0.015
0 0.580724335188621 0.5565008503401361 0.009963768115942028 0.01375
0 0.6067543782994095 0.5838694341372913 0.009963768115942028 0.01375
0 0.47567427827521014 0.48788149350649346 0.010869565217391304 0.015
0 0.26729052951879045 0.6717984693877551 0.009963768115942028 0.01375
0 0.24803015738574757 0.7241345856524427 0.009963768115942028 0.01375
0 0.2879334045871314 0.5779155071119357 0.009963768115942028 0.01375
0 0.23544422709795387 0.48205898268398273 0.009963768115942028 0.01375
0 0.3249047148503671 0.3270241960420532 0.009963768115942028 0.01375
0 0.22600477938210867 0.26251662028447753 0.009963768115942028 0.01375
0 0.20688725094781005 0.2463323283858999 0.010869565217391304 0.015
0 0.2507475486900954 0.07258000927643792 0.009963768115942028 0.01375
