0 0.9009754264024452 0.284950912183055 0.010869565217391304 0.015
0 0.9126555595887896 0.24264803648732225 0.009963768115942028 0.01375
0 0.8630507044715122 0.37876816635745214 0.010869565217391304 0.015
0 0.796521391824187 0.47765112863327147 0.010869565217391304 0.015
0 0.8747308376578564 0.6007448206555349 0.009963768115942028 0.01375
0 0.7654139554372474 0.39422889610389616 0.010869565217391304 0.015
0 0.7458914231041561 0.37656423933209654 0.009963768115942028 0.01375
0 0.7670110040063458 0.2708391311069883 0.009963768115942028 0.01375
0 0.8001445802299841 0.32090561224489805 0.009963768115942028 0.01375
0 0.6383861350864457 0.8117343073593074 0.009963768115942028 0.01375
0 0.8211213174334295 0.9557494588744588 0.009963768115942028 0.01375
0 0.5935724256764631 0.9650258967223252 0.009963768115942028 0.01375
0 0.4265937435580295 0.9668023345701917 0.009963768115942028 0.01375
0 0.4033287063178369 0.909235853432282 0.009963768115942028 0.01375
0 0.4262122668566769 0.9266044372294371 0.010869565217391304 0.015
0 0.4882602085630038 0.7868000154607298 0.009963768115942028 0.01375
0 0.5983159568175098 0.666337739641311 0.010869565217391304 0.015
0 0.6287797563030485 0.6326202071737785 0.010869565217391304 0.015
0 0.6347629466806487 0.5738037260358689 0.010869565217391304 0.015
0 0.5933102654764147 0.5367636827458256 0.010869565217391304 0.015
0 0.5083787632312479 0.49840793135436 0.010869565217391304 0.015
0 0.5097136516002977 0.4403150123685839 0.009963768115942028 0.01375
0 0.500536364084501 0.39202496907854056 0.009963768115942028 0.01375
0 0.5138611604061917 0.16202187693259135 0.010869565217391304 0.015
0 0.4824439492529556 0.09517895794681522 0.010869565217391304 0.015
0 0.49846260968155404 0.020836038961039093 0.009963768115942028 0.01375
0 0.3938416440357435 0.07751430117501557 0.009963768115942028 0.01375
0 0.32874244888996457 0.09083681199752633 0.009963768115942028 0.01375
0 0.3885973196920403 0.026559601113172703 0.009963768115942028 0.01375
0 0.2655265498821401 0.09363288497217084 0.010869565217391304 0.015
0 0.2645731382144426 0.2670891311069883 0.009963768115942028 0.01375
0 0.17818743109892185 0.23491767161410024 0.009963768115942028 0.01375
0 0.3459290666200605 0.2996223716759431 0.010869565217391304 0.015
0 0.25694528470149597 0.4634403988868274 0.010869565217391304 0.015
0 0.3085286650892242 0.5773233611626469 0.009963768115942028 0.01375
0 0.2859072647504326 0.6363702071737786 0.009963768115942028 0.01375
0 0.1543504588923844 0.5782115800865801 0.009963768115942028 0.01375
0 0.15771148709813315 0.5481783395176252 0.009963768115942028 0.01375
0 0.2666468926173896 0.7658785559678417 0.009963768115942028 0.01375
0 0.4297402261299778 0.7318649505256647 0.010869565217391304 0.015
0 0.43555648544002595 0.6997591991341992 0.010869565217391304 0.015
0 0.5386280170829861 0.41057784477427334 0.009963768115942028 0.01375
