0 0.9121788537549409 0.24567447433518866 0.010869565217391304 0.015
0 0.8982580350980974 0.2813655689548547 0.009963768115942028 0.01375
0 0.8628837734039599 0.37626816635745214 0.009963768115942028 0.01375
0 0.7974271889256364 0.47373647186147194 0.009963768115942028 0.01375
0 0.8735628803563588 0.6018301638837353 0.010869565217391304 0.015
0 0.7977369636919328 0.31787917439703167 0.009963768115942028 0.01375
0 0.7669633894400977 0.27393127705627707 0.009963768115942028 0.01375
0 0.7456292629041078 0.3775838744588745 0.009963768115942028 0.01375
0 0.6295903242720013 0.5738694341372913 0.009963768115942028 0.01375
0 0.5910219654396675 0.5330136827458256 0.009963768115942028 0.01375
0 0.6267536164663495 0.6323898423005566 0.010869565217391304 0.015
0 0.5981731131187654 0.6657455936920224 0.009963768115942028 0.01375
0 0.5079972865298953 0.49900007730364876 0.009963768115942028 0.01375
0 0.5073060350622464 0.4407757421150279 0.009963768115942028 0.01375
0 0.5025625039211996 0.3953474799010513 0.010869565217391304 0.015
0 0.48058474048380884 0.09156037414965994 0.009963768115942028 0.01375
0 0.4987723844478504 0.023763528138528188 0.010869565217391304 0.015
0 0.39207766439909303 0.0794221552257268 0.009963768115942028 0.01375
0 0.3872148167567423 0.024651747062461454 0.009963768115942028 0.01375
0 0.3300773372590144 0.08899466604823758 0.009963768115942028 0.01375
0 0.26531200424833973 0.08906037414965993 0.009963768115942028 0.01375
0 0.2614742702087423 0.26774698515769957 0.010869565217391304 0.015
0 0.18300266417502453 0.2324833797155226 0.010869565217391304 0.015
0 0.3429971296819124 0.302714517625232 0.010869565217391304 0.015
0 0.254799828363493 0.4606443259121831 0.009963768115942028 0.01375
0 0.308314119455424 0.5803497990105133 0.009963768115942028 0.01375
0 0.2881479502209317 0.6410084260977118 0.009963768115942028 0.01375
0 0.26152188477499044 0.7618324829931973 0.009963768115942028 0.01375
0 0.6366221554497954 0.8108460884353741 0.010869565217391304 0.015
0 0.8193573377967789 0.9542033858998145 0.009963768115942028 0.01375
0 0.5923568538087173 0.9646641156462584 0.010869565217391304 0.015
0 0.48687770562770577 0.782654993815708 0.009963768115942028 0.01375
0 0.500536364084501 0.7504178262213976 0.009963768115942028 0.01375
0 0.43469830290482475 0.7024238559059987 0.009963768115942028 0.01375
0 0.4284529523271761 0.735253169449598 0.009963768115942028 0.01375
0 0.4254734008227798 0.9687101886209029 0.009963768115942028 0.01375
0 0.4024229092163876 0.9081829777365491 0.009963768115942028 0.01375
0 0.4230657842847285 0.9267358534322819 0.010869565217391304 0.015
0 0.46675915095946174 0.8666036641929499 0.009963768115942028 0.01375
0 0.451360600234824 0.8828536641929499 0.009963768115942028 0.01375
