0 0.36049352217830494 0.08031037414965994 0.009963768115942028 0.01375
0 0.328432674123668 0.08478393630179354 0.010869565217391304 0.015
0 0.25160573122529656 0.07442215522572682 0.009963768115942028 0.01375
0 0.19980780520376804 0.2387333797155226 0.009963768115942028 0.01375
0 0.23837616403610198 0.26281269325912193 0.009963768115942028 0.01375
0 0.23480059019655306 0.4746246907854051 0.009963768115942028 0.01375
0 0.32735994595466655 0.3227477581941868 0.010869565217391304 0.015
0 0.48351667742195703 0.49288149350649346 0.010869565217391304 0.015
0 0.2887915871223326 0.5791655071119357 0.009963768115942028 0.01375
0 0.2692214402229931 0.6606798855905999 0.009963768115942028 0.01375
0 0.2536318710619954 0.7365031694495979 0.010869565217391304 0.015
0 0.5765051244476712 0.962887677798392 0.009963768115942028 0.01375
0 0.6255856591648519 0.8255832560296845 0.009963768115942028 0.01375
0 0.5800806982872201 0.5506783395176252 0.010869565217391304 0.015
0 0.611974615274305 0.5846262368583798 0.009963768115942028 0.01375
0 0.777952271158793 0.4709403988868274 0.009963768115942028 0.01375
0 0.8395711215975193 0.3763338744588745 0.010869565217391304 0.015
0 0.8586169480967619 0.5974880179344465 0.009963768115942028 0.01375
0 0.81578176395723 0.9404201453308596 0.009963768115942028 0.01375
