0 0.8411205556003694 0.37524853123067414 0.010869565217391304 0.015
0 0.7806220478968928 0.4718286178107607 0.009963768115942028 0.01375
0 0.8595703597644593 0.5963369666048238 0.010869565217391304 0.015
0 0.8148283522895325 0.9437426561533704 0.009963768115942028 0.01375
0 0.6280885048353994 0.8211754019789734 0.010869565217391304 0.015
0 0.5787458099181703 0.96015731292517 0.009963768115942028 0.01375
0 0.2529406195943464 0.7392992424242425 0.010869565217391304 0.015
0 0.2706515577245392 0.6603838126159555 0.010869565217391304 0.015
0 0.2927962522294822 0.5778497990105133 0.009963768115942028 0.01375
0 0.23954412133759972 0.4703482529375387 0.009963768115942028 0.01375
0 0.32800358285606745 0.3218595392702537 0.009963768115942028 0.01375
0 0.24078378057415337 0.2605430581323439 0.009963768115942028 0.01375
0 0.19692348283186803 0.23735196351267787 0.009963768115942028 0.01375
0 0.25336971086194693 0.07876430117501557 0.010869565217391304 0.015
0 0.3289569945237648 0.08067215522572681 0.009963768115942028 0.01375
0 0.36502250768555133 0.0791917903525048 0.009963768115942028 0.01375
0 0.47994110358240816 0.05998106060606077 0.010869565217391304 0.015
0 0.4832545172219087 0.034586038961039095 0.010869565217391304 0.015
0 0.4839457686895576 0.49590793135436 0.010869565217391304 0.015
0 0.580724335188621 0.5490665584415584 0.009963768115942028 0.01375
0 0.6190305338209066 0.5834419449598021 0.009963768115942028 0.01375
0 0.6039176704937577 0.630416280148423 0.010869565217391304 0.015
0 0.5821785400589751 0.646666280148423 0.009963768115942028 0.01375
