0 0.24690981465049802 0.06978393630179354 0.010869565217391304 0.015
0 0.4741248442723599 0.48788149350649346 0.010869565217391304 0.015
0 0.322664029379868 0.3295241960420532 0.009963768115942028 0.01375
0 0.23346570182750315 0.4850854205318491 0.010869565217391304 0.015
0 0.28862465605478044 0.5796919449598021 0.010869565217391304 0.015
0 0.26280915857779225 0.6765023964131106 0.009963768115942028 0.01375
0 0.2504853884900469 0.721042439703154 0.009963768115942028 0.01375
0 0.5833941119267209 0.5613694341372912 0.009963768115942028 0.01375
0 0.6024158510571557 0.5876194341372912 0.009963768115942028 0.01375
0 0.6194596250885072 0.8385439857761285 0.009963768115942028 0.01375
0 0.5733586418757228 0.9582494588744588 0.010869565217391304 0.015
0 0.8554704655248137 0.5970605287569574 0.009963768115942028 0.01375
0 0.8324675884846693 0.38577496907854053 0.009963768115942028 0.01375
0 0.7788580682602422 0.4770589826839827 0.010869565217391304 0.015
0 0.81156255321628 0.947196583178726 0.009963768115942028 0.01375
