0 0.26366734111299334 0.08465252009894883 0.010869565217391304 0.015
0 0.3332238198309628 0.08531037414965993 0.009963768115942028 0.01375
0 0.3887642507595925 0.07781037414965994 0.009963768115942028 0.01375
0 0.4802032637824565 0.08833681199752633 0.009963768115942028 0.01375
0 0.49829567861400187 0.02346745516388381 0.009963768115942028 0.01375
0 0.2572074449015444 0.2645891311069883 0.009963768115942028 0.01375
0 0.1835269845751213 0.2337333797155226 0.009963768115942028 0.01375
0 0.34373599571580954 0.3055762987012987 0.009963768115942028 0.01375
0 0.2545376681634447 0.4665982529375387 0.009963768115942028 0.01375
0 0.3053821825172758 0.5761390692640692 0.009963768115942028 0.01375
0 0.28745669875328267 0.6390348639455783 0.009963768115942028 0.01375
0 0.26354802461168936 0.7566021181199752 0.009963768115942028 0.01375
0 0.4274519260932305 0.7309110235003092 0.010869565217391304 0.015
0 0.43379250580337547 0.7037395640074212 0.009963768115942028 0.01375
0 0.5032537553888488 0.4956118583797155 0.010869565217391304 0.015
0 0.5023003437211513 0.438472866419295 0.009963768115942028 0.01375
0 0.5007985242845493 0.3973210420531849 0.009963768115942028 0.01375
0 0.5915462858397643 0.53455975572047 0.010869565217391304 0.015
0 0.6336426039453992 0.5759419449598021 0.009963768115942028 0.01375
0 0.6240838397282499 0.6302516233766233 0.009963768115942028 0.01375
0 0.5948596994792649 0.6594955936920224 0.009963768115942028 0.01375
0 0.49455317370690055 0.74673353432282 0.010869565217391304 0.015
0 0.48373122305575744 0.7862735776128633 0.009963768115942028 0.01375
0 0.4243054435212822 0.9702562615955472 0.009963768115942028 0.01375
0 0.6388152263540463 0.8146293290043289 0.009963768115942028 0.01375
0 0.821598023267278 0.9508151669758811 0.010869565217391304 0.015
0 0.5911171945721636 0.9591376777983921 0.010869565217391304 0.015
0 0.45577026924076625 0.872031153370439 0.009963768115942028 0.01375
0 0.404186888853038 0.9123937074829931 0.010869565217391304 0.015
0 0.7943283209199359 0.47367076376004946 0.009963768115942028 0.01375
0 0.8608576335672611 0.37662994743351885 0.010869565217391304 0.015
0 0.9007132662023969 0.27797735003092156 0.009963768115942028 0.01375
0 0.9070538459125418 0.2604773500309216 0.010869565217391304 0.015
0 0.7689895292767965 0.27916164192949905 0.009963768115942028 0.01375
0 0.7969980976580358 0.31537917439703167 0.009963768115942028 0.01375
0 0.8700349210830578 0.5995605287569573 0.010869565217391304 0.015
