0 0.8510367091500634 0.37192602040816325 0.010869565217391304 0.015
0 0.7867004674069894 0.4727825448361163 0.010869565217391304 0.015
0 0.8639565015729614 0.5998566017316018 0.009963768115942028 0.01375
0 0.8173788125263282 0.9449926561533704 0.010869565217391304 0.015
0 0.6322601010101012 0.8187411100803957 0.009963768115942028 0.01375
0 0.586421277997365 0.9597955318491032 0.009963768115942028 0.01375
0 0.5894725314368172 0.6526534477427335 0.010869565217391304 0.015
0 0.6112357492404079 0.6267319882498454 0.009963768115942028 0.01375
0 0.6270874786014539 0.5827840909090909 0.009963768115942028 0.01375
0 0.5836562721267692 0.5401519016697588 0.009963768115942028 0.01375
0 0.4922172591039053 0.49090793135436 0.009963768115942028 0.01375
0 0.4292635202961291 0.7139699288806431 0.009963768115942028 0.01375
0 0.27737361413603656 0.6508770098948671 0.010869565217391304 0.015
0 0.2546569846647488 0.7450228045763759 0.009963768115942028 0.01375
0 0.2982786494044259 0.5797576530612245 0.010869565217391304 0.015
0 0.24600401754904874 0.4706443259121831 0.009963768115942028 0.01375
0 0.33317620526471464 0.31258310142238716 0.010869565217391304 0.015
0 0.24440696897995046 0.2609048392084107 0.010869565217391304 0.015
0 0.18805597008236766 0.23527945269016698 0.009963768115942028 0.01375
0 0.2585423332705942 0.07929073902288195 0.010869565217391304 0.015
0 0.3298627916252141 0.08008000927643792 0.009963768115942028 0.01375
0 0.375534683570398 0.08001430117501557 0.009963768115942028 0.01375
0 0.47967894338235956 0.07198786332714917 0.010869565217391304 0.015
0 0.4893329367320053 0.023697820037105827 0.010869565217391304 0.015
