0 0.38902641095964086 0.3270241960420532 0.009963768115942028 0.01375
0 0.4970084048112 0.33393205009276444 0.009963768115942028 0.01375
0 0.5502605357030823 0.3548535095856525 0.010869565217391304 0.015
0 0.7759261313220942 0.54330975572047 0.009963768115942028 0.01375
0 0.7312793529796637 0.49400007730364875 0.010869565217391304 0.015
0 0.7151654634185691 0.7318649505256647 0.009963768115942028 0.01375
0 0.6925440630797776 0.7184767316017315 0.009963768115942028 0.01375
0 0.7107317070438189 0.8367018398268398 0.009963768115942028 0.01375
0 0.6853929154006796 0.9226897804576376 0.010869565217391304 0.015
0 0.3788957117761466 0.9355848021026592 0.009963768115942028 0.01375
0 0.2771114539359882 0.7662403370439086 0.009963768115942028 0.01375
0 0.2235971628440574 0.8175568181818181 0.009963768115942028 0.01375
0 0.16758002608157896 0.6867327612863326 0.009963768115942028 0.01375
