0 0.2271727366836063 0.7962735776128633 0.009963768115942028 0.01375
0 0.29784955813682534 0.7606481910946197 0.009963768115942028 0.01375
0 0.3791578719761951 0.926374072356215 0.010869565217391304 0.015
0 0.6089474492036606 0.7538717532467533 0.010869565217391304 0.015
0 0.6347153321144007 0.736272804576376 0.010869565217391304 0.015
0 0.6880626921387792 0.7037395640074212 0.010869565217391304 0.015
0 0.7212914974949138 0.7058777829313544 0.010869565217391304 0.015
0 0.7192177430919667 0.8132146722325294 0.009963768115942028 0.01375
0 0.7856277392379879 0.5327176097711812 0.009963768115942028 0.01375
0 0.7284426451740117 0.47271683673469395 0.009963768115942028 0.01375
0 0.5560767950131306 0.3422545609152752 0.009963768115942028 0.01375
0 0.47770041811190883 0.30301059059987634 0.009963768115942028 0.01375
0 0.3875962934580949 0.31560953927025365 0.009963768115942028 0.01375
0 0.5300943664685903 0.2380755256648115 0.009963768115942028 0.01375
0 0.5129077487384942 0.21952264996907858 0.009963768115942028 0.01375
0 0.6853453008344313 0.9010447588126159 0.010869565217391304 0.015
0 0.6681110685380873 0.956637677798392 0.009963768115942028 0.01375
