0 0.38652356528909343 0.33113597711812004 0.009963768115942028 0.01375
0 0.5074729661297986 0.3447545609152752 0.009963768115942028 0.01375
0 0.5502605357030823 0.3577152906617192 0.010869565217391304 0.015
0 0.737238455988456 0.5031118583797155 0.010869565217391304 0.015
0 0.7727796487501458 0.5459744124922696 0.010869565217391304 0.015
0 0.7147363721509685 0.7343649505256648 0.010869565217391304 0.015
0 0.701506804961774 0.7216345856524427 0.009963768115942028 0.01375
0 0.7103026157762183 0.8423596938775509 0.010869565217391304 0.015
0 0.6869899639697777 0.927985853432282 0.009963768115942028 0.01375
0 0.38321015164959277 0.9437426561533704 0.010869565217391304 0.015
0 0.267672006220143 0.7724246289424861 0.009963768115942028 0.01375
0 0.2221670453425113 0.8120303803339517 0.010869565217391304 0.015
0 0.16934400571822938 0.6891670531849104 0.009963768115942028 0.01375
