0 0.3860944740214928 0.33458990414347567 0.010869565217391304 0.015
0 0.5159590021779464 0.34587314471243047 0.009963768115942028 0.01375
0 0.5482343958663837 0.3589652906617192 0.010869565217391304 0.015
0 0.7418391434307585 0.5085725881261596 0.009963768115942028 0.01375
0 0.7727796487501458 0.5506783395176252 0.010869565217391304 0.015
0 0.7124480721142212 0.8472939857761286 0.009963768115942028 0.01375
0 0.6914237203445279 0.9310779993815708 0.009963768115942028 0.01375
0 0.38764390802434295 0.9502230210265924 0.010869565217391304 0.015
0 0.26419166151309015 0.7786089208410637 0.010869565217391304 0.015
0 0.22295352594265647 0.8148264533085962 0.009963768115942028 0.01375
0 0.17330105625913086 0.6910091991341991 0.009963768115942028 0.01375
