0 0.5696161369686216 0.3703799474335189 0.010869565217391304 0.015
0 0.675738922051034 0.2458058905380335 0.009963768115942028 0.01375
0 0.7649372496033987 0.3008723716759431 0.010869565217391304 0.015
0 0.8245775747716744 0.3837024582560298 0.009963768115942028 0.01375
0 0.8727046978211577 0.5494283395176253 0.009963768115942028 0.01375
0 0.8850284679089028 0.6997591991341992 0.009963768115942028 0.01375
0 0.7423158492646073 0.7075552721088435 0.009963768115942028 0.01375
0 0.6639394723633857 0.6848906153370439 0.010869565217391304 0.015
0 0.6338571495791994 0.7460756802721087 0.009963768115942028 0.01375
0 0.6488506964050443 0.8543664965986395 0.009963768115942028 0.01375
0 0.7196944489258155 0.9007486858379715 0.010869565217391304 0.015
0 0.751493136780404 0.8574586425479283 0.009963768115942028 0.01375
0 0.5704743195038228 0.7250885126777985 0.009963768115942028 0.01375
0 0.3990618810106389 0.9236437074829931 0.009963768115942028 0.01375
0 0.3426156529805599 0.7643324829931973 0.010869565217391304 0.015
0 0.3824236710494476 0.38340638528138526 0.010869565217391304 0.015
0 0.4265937435580295 0.5475861935683364 0.010869565217391304 0.015
