0 0.5168647992793958 0.736272804576376 0.009963768115942028 0.01375
0 0.5349807413083812 0.731272804576376 0.009963768115942028 0.01375
0 0.5657784029290243 0.7232463667285096 0.009963768115942028 0.01375
0 0.5996032306203114 0.7343649505256648 0.010869565217391304 0.015
0 0.6360978350496985 0.861800788497217 0.009963768115942028 0.01375
0 0.7190031974581665 0.903544758812616 0.010869565217391304 0.015
0 0.7380490239574092 0.8636429344465059 0.009963768115942028 0.01375
0 0.7952341180213852 0.8813408317872603 0.009963768115942028 0.01375
0 0.8106091415485828 0.8886761750154606 0.009963768115942028 0.01375
0 0.8346606593889204 0.8936104669140383 0.010869565217391304 0.015
0 0.8716319696521562 0.882064393939394 0.010869565217391304 0.015
0 0.7416245977969581 0.6991013450834879 0.010869565217391304 0.015
0 0.6333804437453506 0.6834102504638219 0.009963768115942028 0.01375
0 0.8871022223118499 0.7191345856524427 0.010869565217391304 0.015
0 0.8964464408951989 0.6597916666666666 0.010869565217391304 0.015
0 0.8946824612585484 0.6307780612244899 0.009963768115942028 0.01375
0 0.8532297800543143 0.5500861935683364 0.009963768115942028 0.01375
0 0.802337651134235 0.39857104205318494 0.010869565217391304 0.015
0 0.7974271889256364 0.32679383116883115 0.009963768115942028 0.01375
0 0.7994057141960871 0.2961684446505876 0.010869565217391304 0.015
0 0.7558075766538501 0.28577342300556596 0.009963768115942028 0.01375
0 0.7714447603810959 0.2503784013605443 0.009963768115942028 0.01375
0 0.7972602578580841 0.21636479591836746 0.010869565217391304 0.015
0 0.8855051737427515 0.261200912183055 0.009963768115942028 0.01375
0 0.8873167679456501 0.28370091218305504 0.009963768115942028 0.01375
0 0.6562640042841907 0.2706087662337663 0.009963768115942028 0.01375
0 0.5829650206591201 0.31330666357452075 0.009963768115942028 0.01375
0 0.5868027546987176 0.2810694959802103 0.010869565217391304 0.015
0 0.5386280170829861 0.27429305813234395 0.010869565217391304 0.015
0 0.5148862740089449 0.2565626932591219 0.009963768115942028 0.01375
0 0.5004887495182527 0.14008078231292528 0.010869565217391304 0.015
0 0.5731440962419224 0.1270543444650589 0.009963768115942028 0.01375
0 0.5919753771073649 0.16850224180581336 0.009963768115942028 0.01375
0 0.5550040668441291 0.06955357142857153 0.009963768115942028 0.01375
0 0.4844224745234063 0.33577419604205316 0.009963768115942028 0.01375
0 0.7773562488236402 0.9753219696969697 0.009963768115942028 0.01375
0 0.4963171533435509 0.36824172850958575 0.010869565217391304 0.015
0 0.3925067556666937 0.25294410946196666 0.009963768115942028 0.01375
0 0.38251890018194373 0.31376739332096476 0.009963768115942028 0.01375
0 0.28857704148853225 0.30646451762523197 0.010869565217391304 0.015
0 0.2875043133195308 0.22320694186765622 0.009963768115942028 0.01375
0 0.31413037876547206 0.3672878014842301 0.010869565217391304 0.015
0 0.29887467173957866 0.38406423933209655 0.009963768115942028 0.01375
0 0.2953467124662778 0.4204464285714286 0.009963768115942028 0.01375
0 0.37820446030849775 0.49501971243042675 0.010869565217391304 0.015
0 0.3726027466322499 0.47469039888682746 0.009963768115942028 0.01375
0 0.4133641763688349 0.5327833178726036 0.010869565217391304 0.015
0 0.32356982648131727 0.7805167748917747 0.009963768115942028 0.01375
0 0.2648829129807392 0.6932788342609771 0.010869565217391304 0.015
0 0.28862465605478044 0.8784458101422387 0.010869565217391304 0.015
0 0.2631189333440887 0.8654850803957946 0.009963768115942028 0.01375
0 0.3308879052279675 0.9325583642547928 0.009963768115942028 0.01375
0 0.401302566481138 0.9455190940012368 0.009963768115942028 0.01375
0 0.37281729226605015 0.9187094155844155 0.009963768115942028 0.01375
0 0.5664220398304252 0.3638338744588745 0.009963768115942028 0.01375
0 0.366262166922105 0.6247584260977118 0.009963768115942028 0.01375
