0 0.43245761743432565 0.5444940476190476 0.010869565217391304 0.015
0 0.378419005942298 0.3898867501546073 0.009963768115942028 0.01375
0 0.5715946622390723 0.36646529066171923 0.009963768115942028 0.01375
0 0.68427257266543 0.2513323283858999 0.009963768115942028 0.01375
0 0.7720883972824968 0.309194882498454 0.009963768115942028 0.01375
0 0.8211689319996774 0.3781103123067409 0.009963768115942028 0.01375
0 0.8789976629650544 0.5547244124922697 0.009963768115942028 0.01375
0 0.8862440397766486 0.6929170531849104 0.010869565217391304 0.015
0 0.7416245977969581 0.7105160018552875 0.009963768115942028 0.01375
0 0.6747138084482807 0.6882788342609771 0.009963768115942028 0.01375
0 0.6462285342331929 0.7495296072974645 0.009963768115942028 0.01375
0 0.6627715150618878 0.843840058750773 0.009963768115942028 0.01375
0 0.7230554771315643 0.8989065398886826 0.009963768115942028 0.01375
0 0.7548541649861527 0.8601890074211502 0.010869565217391304 0.015
0 0.5759808040475745 0.7204502937538652 0.009963768115942028 0.01375
0 0.34950464045960955 0.7543981910946197 0.009963768115942028 0.01375
0 0.40232768008389136 0.9226897804576376 0.009963768115942028 0.01375
