0 0.699957370958924 0.2575823283858999 0.009963768115942028 0.01375
0 0.772994194383946 0.31633310142238713 0.009963768115942028 0.01375
0 0.8193573377967789 0.3828142393320965 0.009963768115942028 0.01375
0 0.8889138165147484 0.5636390692640693 0.009963768115942028 0.01375
0 0.8946824612585484 0.6960091991341991 0.010869565217391304 0.015
0 0.7448186949351546 0.7148581478045765 0.010869565217391304 0.015
0 0.6885870125388761 0.7127856369820655 0.009963768115942028 0.01375
0 0.6647500403323385 0.7683128478664193 0.009963768115942028 0.01375
0 0.6643685636309862 0.8434782776747062 0.009963768115942028 0.01375
0 0.7167625119876675 0.8995643939393939 0.009963768115942028 0.01375
0 0.7553308708200014 0.8519322047000618 0.009963768115942028 0.01375
0 0.5760760331800706 0.718312074829932 0.010869565217391304 0.015
0 0.43827387674437374 0.5528822665429809 0.009963768115942028 0.01375
0 0.5722382991404732 0.3703799474335189 0.009963768115942028 0.01375
0 0.37756082340709685 0.40113675015460726 0.010869565217391304 0.015
0 0.3571801085388043 0.7405492424242425 0.009963768115942028 0.01375
0 0.4030189315515404 0.9185779993815707 0.010869565217391304 0.015
