0 0.818713700895378 0.38126816635745214 0.010869565217391304 0.015
0 0.7716593060148962 0.3110370284477428 0.009963768115942028 0.01375
0 0.6984555515223217 0.25478625541125555 0.010869565217391304 0.015
0 0.8843848310075021 0.5602508503401361 0.009963768115942028 0.01375
0 0.8921796155880009 0.6941013450834879 0.010869565217391304 0.015
0 0.7434361919998567 0.7157463667285096 0.010869565217391304 0.015
0 0.6865608727021772 0.7010091991341991 0.009963768115942028 0.01375
0 0.6616987868928864 0.7603521181199753 0.009963768115942028 0.01375
0 0.6650122005323872 0.8409782776747062 0.009963768115942028 0.01375
0 0.7190508120244146 0.8989065398886826 0.010869565217391304 0.015
0 0.753733822250903 0.8507479128014842 0.010869565217391304 0.015
0 0.5765051244476712 0.7216345856524427 0.009963768115942028 0.01375
0 0.5717139787403764 0.3691299474335189 0.009963768115942028 0.01375
0 0.3826382166832478 0.39577496907854054 0.010869565217391304 0.015
0 0.4408960389162254 0.5504479746444032 0.010869565217391304 0.015
0 0.3609226134459055 0.74423353432282 0.009963768115942028 0.01375
0 0.40530723158828763 0.9187094155844155 0.009963768115942028 0.01375
