0 0.3726027466322499 0.40607104205318495 0.009963768115942028 0.01375
0 0.439179673845823 0.5581126314162028 0.009963768115942028 0.01375
0 0.572023753506673 0.3720574366110081 0.010869565217391304 0.015
0 0.7051299933675711 0.2683391311069883 0.009963768115942028 0.01375
0 0.7713971458148479 0.320675247371676 0.009963768115942028 0.01375
0 0.815829378523478 0.3843603123067409 0.009963768115942028 0.01375
0 0.8897719990499495 0.5698890692640692 0.009963768115942028 0.01375
0 0.8969231467290476 0.6942327612863326 0.010869565217391304 0.015
0 0.7427449405322077 0.7217002937538652 0.009963768115942028 0.01375
0 0.6853929154006796 0.719562074829932 0.010869565217391304 0.015
0 0.7546872339186005 0.8494322047000619 0.009963768115942028 0.01375
0 0.6683732287381356 0.7769971397649968 0.010869565217391304 0.015
0 0.7181450149229653 0.904202612863327 0.009963768115942028 0.01375
0 0.6619133325266867 0.8475243506493506 0.009963768115942028 0.01375
0 0.5740498933433718 0.7253845856524427 0.010869565217391304 0.015
0 0.3600168163444562 0.7390688775510205 0.009963768115942028 0.01375
0 0.3997055179120398 0.9223937074829931 0.009963768115942028 0.01375
