0 0.6659179976338364 0.26613520408163266 0.009963768115942028 0.01375
0 0.5686151107346761 0.36639958256029687 0.010869565217391304 0.015
0 0.7589064446595504 0.2915959338280767 0.009963768115942028 0.01375
0 0.8124683503177292 0.39570926097711817 0.010869565217391304 0.015
0 0.8655535501420596 0.5476519016697589 0.009963768115942028 0.01375
0 0.8912738184865515 0.7071934910327766 0.010869565217391304 0.015
0 0.8552559198910132 0.8970643939393939 0.010869565217391304 0.015
0 0.8339217933550234 0.8893340290661719 0.009963768115942028 0.01375
0 0.7456768774703559 0.868281153370439 0.009963768115942028 0.01375
0 0.7261543451372646 0.9003869047619046 0.009963768115942028 0.01375
0 0.7434361919998567 0.7002856369820656 0.010869565217391304 0.015
0 0.647086716768394 0.6778181045145331 0.010869565217391304 0.015
0 0.6144298463786042 0.7423913883735312 0.010869565217391304 0.015
0 0.6414850030921462 0.8629850803957946 0.009963768115942028 0.01375
0 0.567756928199475 0.7232463667285096 0.009963768115942028 0.01375
0 0.4108137161320392 0.5442636827458256 0.010869565217391304 0.015
0 0.3900991391286423 0.3345241960420532 0.009963768115942028 0.01375
0 0.3966066499063394 0.9329201453308597 0.009963768115942028 0.01375
0 0.2809968025418337 0.23777945269016698 0.009963768115942028 0.01375
0 0.33024426832656656 0.7717667748917748 0.009963768115942028 0.01375
0 0.5231577644232924 0.12991612554112564 0.009963768115942028 0.01375
0 0.5538361095426315 0.08656037414965993 0.009963768115942028 0.01375
