0 0.6932829291136747 0.2511019635126779 0.009963768115942028 0.01375
0 0.5722382991404732 0.36764958256029684 0.009963768115942028 0.01375
0 0.7730418089501943 0.3094909554730984 0.009963768115942028 0.01375
0 0.8213834776334779 0.3756760204081633 0.009963768115942028 0.01375
0 0.8832644882722525 0.5559087043908473 0.010869565217391304 0.015
0 0.889390522348597 0.6901866883116884 0.009963768115942028 0.01375
0 0.7445565347351063 0.7096277829313544 0.009963768115942028 0.01375
0 0.6811260900934816 0.6945288342609771 0.010869565217391304 0.015
0 0.6538087731798915 0.7578521181199753 0.009963768115942028 0.01375
0 0.659934807256236 0.843840058750773 0.009963768115942028 0.01375
0 0.717191603255268 0.8973604669140383 0.009963768115942028 0.01375
0 0.751493136780404 0.8543007884972169 0.009963768115942028 0.01375
0 0.5781021730167694 0.7189699288806431 0.010869565217391304 0.015
0 0.3533423744992069 0.7445296072974645 0.009963768115942028 0.01375
0 0.4038530267179336 0.920485853432282 0.009963768115942028 0.01375
0 0.3360605276366147 0.9597955318491032 0.009963768115942028 0.01375
0 0.37794230010844926 0.3961367501546073 0.009963768115942028 0.01375
0 0.4385360369444222 0.5497244124922697 0.009963768115942028 0.01375
