0 0.5679714738332752 0.7229502937538652 0.009963768115942028 0.01375
0 0.5316438004714403 0.7334110235003092 0.009963768115942028 0.01375
0 0.5088554690650966 0.7460756802721087 0.010869565217391304 0.015
0 0.40535484615453576 0.939926948051948 0.009963768115942028 0.01375
0 0.3665243271221533 0.9158476345083487 0.009963768115942028 0.01375
0 0.32218732354601926 0.9446308750773036 0.009963768115942028 0.01375
0 0.25694528470149597 0.8608468614718615 0.009963768115942028 0.01375
0 0.24290514954334835 0.7755167748917748 0.009963768115942028 0.01375
0 0.24061684950660117 0.7356149505256647 0.009963768115942028 0.01375
0 0.26500222948204327 0.6997591991341992 0.009963768115942028 0.01375
0 0.21501589766341328 0.6468309369202225 0.010869565217391304 0.015
0 0.36273420764880404 0.6350544990723563 0.009963768115942028 0.01375
0 0.3680737611250035 0.5948566017316018 0.010869565217391304 0.015
0 0.381303328314198 0.5001843692022263 0.009963768115942028 0.01375
0 0.49433862807310014 0.3698535095856525 0.009963768115942028 0.01375
0 0.47770041811190883 0.3305438311688312 0.009963768115942028 0.01375
0 0.3838061739847456 0.30258310142238715 0.009963768115942028 0.01375
0 0.3766074117393995 0.25199018243661103 0.009963768115942028 0.01375
0 0.33920701020856314 0.1953776283240569 0.009963768115942028 0.01375
0 0.28767124438708297 0.22018050401978984 0.009963768115942028 0.01375
0 0.22476512014555503 0.22754908781694497 0.010869565217391304 0.015
0 0.28426260161508626 0.30682629870129874 0.009963768115942028 0.01375
0 0.31589435840212254 0.3672878014842301 0.009963768115942028 0.01375
0 0.29289148136197835 0.3862024582560298 0.010869565217391304 0.015
0 0.3114606020273723 0.42824250154607296 0.009963768115942028 0.01375
0 0.28767124438708297 0.4143278447742733 0.010869565217391304 0.015
0 0.19825837120091788 0.4016631880024738 0.009963768115942028 0.01375
0 0.24872140885339658 0.48353934755720474 0.009963768115942028 0.01375
0 0.2324170610273096 0.4847893475572047 0.009963768115942028 0.01375
0 0.32912392559131703 0.7777207019171306 0.009963768115942028 0.01375
0 0.634977492314449 0.860550788497217 0.009963768115942028 0.01375
0 0.5955509509469138 0.7355492424242425 0.009963768115942028 0.01375
0 0.6255856591648519 0.6867327612863326 0.009963768115942028 0.01375
0 0.744294374535058 0.6963709802102659 0.009963768115942028 0.01375
0 0.7413624375969098 0.6357123531230674 0.009963768115942028 0.01375
0 0.7413624375969098 0.6557123531230674 0.010869565217391304 0.015
0 0.6995282796913233 0.8216028911564627 0.009963768115942028 0.01375
0 0.6728545996791339 0.8701232993197279 0.009963768115942028 0.01375
0 0.7152130779848173 0.9010447588126159 0.009963768115942028 0.01375
0 0.7481321085746552 0.8640047155225726 0.009963768115942028 0.01375
0 0.7190508120244146 0.8434782776747062 0.009963768115942028 0.01375
0 0.789370244145089 0.876241883116883 0.010869565217391304 0.015
0 0.8335403166536708 0.8982486858379716 0.009963768115942028 0.01375
0 0.8075578881091305 0.8883801020408163 0.009963768115942028 0.01375
0 0.8777103891622527 0.8806497371675942 0.009963768115942028 0.01375
0 0.8196194979968273 0.8252214749536178 0.009963768115942028 0.01375
0 0.8220271145348788 0.7962078695114408 0.009963768115942028 0.01375
0 0.8898196136161978 0.719562074829932 0.009963768115942028 0.01375
0 0.9240735325750855 0.7554178262213976 0.010869565217391304 0.015
0 0.8956358729262457 0.6576534477427335 0.009963768115942028 0.01375
0 0.8989492865657462 0.6145937693259121 0.009963768115942028 0.01375
0 0.8500832974823659 0.5509087043908473 0.009963768115942028 0.01375
0 0.7983329860270856 0.4007092609771182 0.009963768115942028 0.01375
0 0.7906575179478909 0.32162917439703165 0.009963768115942028 0.01375
0 0.794280706353688 0.2915959338280767 0.009963768115942028 0.01375
0 0.7521367736818049 0.28998415275200995 0.010869565217391304 0.015
0 0.7677022554739947 0.2508058905380335 0.009963768115942028 0.01375
0 0.7985475316608858 0.23712159863945587 0.010869565217391304 0.015
0 0.8025998113342836 0.20620013914656782 0.010869565217391304 0.015
0 0.8816674397031542 0.28998415275200995 0.010869565217391304 0.015
0 0.8939912097908994 0.24419410946196662 0.009963768115942028 0.01375
0 0.7551163251862011 0.07508000927643792 0.009963768115942028 0.01375
0 0.7470593804056538 0.037020330859616736 0.009963768115942028 0.01375
0 0.6374327234187485 0.06248106060606076 0.010869565217391304 0.015
0 0.5538361095426315 0.061823206555349515 0.010869565217391304 0.015
0 0.5137659312736953 0.03126352813852819 0.009963768115942028 0.01375
0 0.5756469419124701 0.12034361471861488 0.009963768115942028 0.01375
0 0.5937869713102635 0.16791009585652447 0.009963768115942028 0.01375
0 0.4895474823658054 0.15215329313543605 0.009963768115942028 0.01375
0 0.5162211623779948 0.24669410946196663 0.009963768115942028 0.01375
0 0.5310001635700395 0.2879116419294991 0.009963768115942028 0.01375
0 0.5856824119634679 0.27893127705627707 0.010869565217391304 0.015
0 0.5863260488648688 0.3175831014223871 0.009963768115942028 0.01375
0 0.5576262290159808 0.3655113636363637 0.010869565217391304 0.015
0 0.5903783285382666 0.4990657854050711 0.009963768115942028 0.01375
0 0.5804145604223244 0.5153157854050712 0.009963768115942028 0.01375
