0 0.5711179564052238 0.36794565553494124 0.009963768115942028 0.01375
0 0.6786708589891821 0.25264803648732226 0.009963768115942028 0.01375
0 0.7696807807444455 0.30205666357452077 0.009963768115942028 0.01375
0 0.8266037146083731 0.38156423933209654 0.009963768115942028 0.01375
0 0.8758987949593542 0.5525861935683364 0.009963768115942028 0.01375
0 0.8793074377313509 0.6954170531849104 0.010869565217391304 0.015
0 0.7436507376336571 0.7077856369820655 0.010869565217391304 0.015
0 0.6688499345719844 0.6882788342609771 0.009963768115942028 0.01375
0 0.7516600678479561 0.8568664965986394 0.010869565217391304 0.015
0 0.7196944489258155 0.9013408317872603 0.009963768115942028 0.01375
0 0.6525214993770896 0.8465704236239949 0.010869565217391304 0.015
0 0.6404122749231447 0.750713899196042 0.009963768115942028 0.01375
0 0.5722382991404732 0.7228845856524427 0.009963768115942028 0.01375
0 0.40220836358258727 0.9223279993815707 0.010869565217391304 0.015
0 0.3338198421661156 0.9588416048237477 0.010869565217391304 0.015
0 0.3467872491552617 0.7545296072974645 0.009963768115942028 0.01375
0 0.3794917341112995 0.3898867501546073 0.010869565217391304 0.015
0 0.4319809116004769 0.5411058286951144 0.010869565217391304 0.015
