0 0.6558349130165901 0.5365333178726036 0.009963768115942028 0.01375
0 0.6102823375727104 0.6388702071737786 0.009963768115942028 0.01375
0 0.8429321498032679 0.3413663419913421 0.009963768115942028 0.01375
0 0.8055317482724316 0.23712159863945587 0.010869565217391304 0.015
0 0.81156255321628 0.19389726345083488 0.009963768115942028 0.01375
0 0.9284120598173395 0.2876155689548547 0.010869565217391304 0.015
0 0.5731440962419224 0.3898867501546073 0.009963768115942028 0.01375
0 0.5897823062031138 0.29278022572665435 0.009963768115942028 0.01375
0 0.41612918223943074 0.28748415275201 0.010869565217391304 0.015
0 0.3822567399818954 0.11688968769325925 0.009963768115942028 0.01375
0 0.3103402592921228 0.04600069573283875 0.010869565217391304 0.015
0 0.2971106921029283 0.42640035559678424 0.009963768115942028 0.01375
0 0.2789706627051348 0.3404781230674088 0.009963768115942028 0.01375
0 0.3100780990920743 0.7217660018552876 0.009963768115942028 0.01375
0 0.48489918035725504 0.5451519016697588 0.010869565217391304 0.015
0 0.48868929983060433 0.5732772881880025 0.009963768115942028 0.01375
0 0.6650122005323872 0.9433808750773036 0.009963768115942028 0.01375
0 0.687895761071227 0.953676948051948 0.010869565217391304 0.015
0 0.500536364084501 0.18741689857761287 0.009963768115942028 0.01375
0 0.5139804769074957 0.12971900123685842 0.010869565217391304 0.015
