0 0.5744789846109722 0.3675838744588745 0.010869565217391304 0.015
0 0.5899016227044179 0.2971223716759431 0.010869565217391304 0.015
0 0.5139804769074957 0.13412685528756968 0.009963768115942028 0.01375
0 0.49867715531535417 0.1861011904761905 0.009963768115942028 0.01375
0 0.41629611330698296 0.2879116419294991 0.010869565217391304 0.015
0 0.3824236710494476 0.1245543444650589 0.009963768115942028 0.01375
0 0.31098389619352357 0.04725069573283875 0.009963768115942028 0.01375
0 0.29753978337052883 0.428012136672851 0.009963768115942028 0.01375
0 0.27689690830218794 0.35278099876314173 0.009963768115942028 0.01375
0 0.31348674186407116 0.7136738559059986 0.009963768115942028 0.01375
0 0.6145967774461564 0.635416280148423 0.009963768115942028 0.01375
0 0.6484216051374438 0.5522901205936921 0.010869565217391304 0.015
0 0.6706139142086348 0.9425583642547928 0.009963768115942028 0.01375
0 0.8109189163148792 0.23004908781694497 0.010869565217391304 0.015
0 0.8097509590133815 0.2006737012987014 0.010869565217391304 0.015
0 0.8474135207442663 0.3277477581941868 0.009963768115942028 0.01375
0 0.932988659890834 0.29498415275200995 0.009963768115942028 0.01375
0 0.706512496302869 0.9675916048237476 0.009963768115942028 0.01375
0 0.6893023513753328 0.9575916048237477 0.010869565217391304 0.015
