0 0.8818819853369544 0.47699327458256036 0.009963768115942028 0.01375
0 0.9204979587355365 0.47653254483611635 0.009963768115942028 0.01375
0 0.8425030585356673 0.3463663419913421 0.009963768115942028 0.01375
0 0.807986979376731 0.23896374458874461 0.009963768115942028 0.01375
0 0.8104422104810305 0.18432475262832412 0.009963768115942028 0.01375
0 0.9334653657246825 0.29129986085343235 0.010869565217391304 0.015
0 0.7398606181603078 0.4452493042671614 0.009963768115942028 0.01375
0 0.7568803048228516 0.42360428262213984 0.009963768115942028 0.01375
0 0.6598395781237398 0.5308754638218924 0.009963768115942028 0.01375
0 0.6056340355641601 0.6354819882498454 0.010869565217391304 0.015
0 0.48687770562770577 0.5738694341372913 0.010869565217391304 0.015
0 0.4843748599571581 0.5358754638218923 0.009963768115942028 0.01375
0 0.4794643977485594 0.4962040043290043 0.009963768115942028 0.01375
0 0.4905008940335029 0.4691639610389611 0.009963768115942028 0.01375
0 0.41836986770992995 0.2904116419294991 0.009963768115942028 0.01375
0 0.5755993273462219 0.40225533395176255 0.010869565217391304 0.015
0 0.5879707120002152 0.28695771490414357 0.009963768115942028 0.01375
0 0.5083787632312479 0.12669256338899204 0.009963768115942028 0.01375
0 0.5045886437578986 0.19656192022263455 0.009963768115942028 0.01375
0 0.2543231225296444 0.5461715367965368 0.010869565217391304 0.015
0 0.2579463109354415 0.5211715367965368 0.010869565217391304 0.015
0 0.3013299028438781 0.425972866419295 0.009963768115942028 0.01375
0 0.28345203364613314 0.3338663419913421 0.010869565217391304 0.015
0 0.3065025252525254 0.7201542207792206 0.010869565217391304 0.015
0 0.6620326490279907 0.9418348021026591 0.009963768115942028 0.01375
0 0.6867754183359775 0.9521308750773037 0.010869565217391304 0.015
0 0.7127578468805178 0.9508151669758811 0.009963768115942028 0.01375
0 0.38540322255384374 0.11402790661719236 0.010869565217391304 0.015
0 0.3143449243992723 0.047546768707483124 0.009963768115942028 0.01375
