0 0.41836986770992995 0.27731949598021033 0.009963768115942028 0.01375
0 0.3849265167199951 0.1350807823129253 0.010869565217391304 0.015
0 0.31193730786122104 0.04225069573283875 0.010869565217391304 0.015
0 0.30090081157627757 0.4252160636982066 0.010869565217391304 0.015
0 0.2858596501841844 0.3865642393320965 0.010869565217391304 0.015
0 0.3246425546503187 0.719562074829932 0.009963768115942028 0.01375
0 0.6264914562663012 0.6378505720470006 0.010869565217391304 0.015
0 0.651353542075592 0.5679812152133581 0.010869565217391304 0.015
0 0.8742541318240079 0.3044909554730984 0.010869565217391304 0.015
0 0.9247171694764864 0.31044488249845403 0.009963768115942028 0.01375
0 0.7069892021367178 0.966637677798392 0.009963768115942028 0.01375
