0 0.6945702029164763 0.4252160636982066 0.009963768115942028 0.01375
0 0.7054397681338677 0.3977160636982066 0.009963768115942028 0.01375
0 0.7622674728652991 0.4241964285714286 0.009963768115942028 0.01375
0 0.7282280995402115 0.45393359616573903 0.009963768115942028 0.01375
0 0.7409333463293092 0.5067961502782932 0.009963768115942028 0.01375
0 0.7670110040063458 0.53830975572047 0.010869565217391304 0.015
0 0.6609599208589892 0.5250529529993816 0.010869565217391304 0.015
0 0.6025351675584596 0.6385084260977119 0.010869565217391304 0.015
0 0.5243257217247903 0.6995945423623995 0.009963768115942028 0.01375
0 0.523419924623341 0.6770945423623995 0.010869565217391304 0.015
0 0.4883078231292518 0.5751194341372913 0.010869565217391304 0.015
0 0.481275991951458 0.5274872448979592 0.009963768115942028 0.01375
0 0.4917881678363045 0.47403254483611634 0.010869565217391304 0.015
0 0.47391029863855955 0.44370323129251704 0.009963768115942028 0.01375
0 0.5772439904815683 0.4146896258503402 0.009963768115942028 0.01375
0 0.5131222943722946 0.32495168521954243 0.009963768115942028 0.01375
0 0.5065671690283493 0.20228548237476815 0.009963768115942028 0.01375
0 0.5064002379607971 0.10879754174397036 0.009963768115942028 0.01375
0 0.5823213837577194 0.2829116419294991 0.009963768115942028 0.01375
0 0.4208250988142293 0.2896880797773656 0.010869565217391304 0.015
0 0.38940788766099343 0.1029750309214596 0.009963768115942028 0.01375
0 0.3030938824805286 0.4316964285714286 0.009963768115942028 0.01375
0 0.2823316909108836 0.322155612244898 0.010869565217391304 0.015
0 0.2563492623663432 0.5067961502782932 0.009963768115942028 0.01375
0 0.2500086826561983 0.5513361935683364 0.009963768115942028 0.01375
0 0.3036658174468735 0.7121277829313545 0.009963768115942028 0.01375
0 0.5135513856398951 0.9517690940012368 0.009963768115942028 0.01375
0 0.657813438287041 0.943676948051948 0.009963768115942028 0.01375
0 0.7115898895790203 0.9502230210265924 0.009963768115942028 0.01375
0 0.6862987125021288 0.9536112399505257 0.009963768115942028 0.01375
0 0.8752075434917052 0.487947201607916 0.010869565217391304 0.015
0 0.933036274457082 0.46969039888682745 0.009963768115942028 0.01375
0 0.839356575963719 0.34909670686456407 0.010869565217391304 0.015
0 0.7985475316608858 0.246990182436611 0.009963768115942028 0.01375
0 0.9357060511951819 0.29123415275201 0.009963768115942028 0.01375
0 0.882191760103251 0.78288535868893 0.010869565217391304 0.015
0 0.8780442512973572 0.7566021181199752 0.010869565217391304 0.015
