0 0.6286845271705521 0.6341005720470005 0.009963768115942028 0.01375
0 0.6525214993770896 0.5763694341372912 0.010869565217391304 0.015
0 0.8792598231651028 0.30080666357452074 0.010869565217391304 0.015
0 0.9253608063778873 0.30889880952380966 0.009963768115942028 0.01375
0 0.41975237064522786 0.27945771490414356 0.009963768115942028 0.01375
0 0.3817800341480467 0.1495875850340137 0.010869565217391304 0.015
0 0.30900537092307284 0.043204622758194235 0.009963768115942028 0.01375
0 0.2984931950382262 0.4186699907235622 0.009963768115942028 0.01375
0 0.32373675754886944 0.7194963667285096 0.010869565217391304 0.015
0 0.7113753439452198 0.9647955318491032 0.009963768115942028 0.01375
