0 0.6390297719878467 0.1848511904761905 0.010869565217391304 0.015
0 0.7598122417609996 0.03678996598639472 0.009963768115942028 0.01375
0 0.7346879957516604 0.26715483920841065 0.009963768115942028 0.01375
0 0.6742371026144319 0.32988597711812007 0.010869565217391304 0.015
0 0.45140821480107207 0.15452187693259134 0.009963768115942028 0.01375
0 0.40664211995733746 0.22083835807050092 0.010869565217391304 0.015
0 0.38449742545239446 0.1969237012987014 0.009963768115942028 0.01375
0 0.4064751888897853 0.4056435528756958 0.009963768115942028 0.01375
0 0.4113856510983841 0.7520296072974645 0.009963768115942028 0.01375
0 0.3430447442481605 0.759463899196042 0.009963768115942028 0.01375
0 0.6551436615489413 0.8406822047000618 0.010869565217391304 0.015
0 0.5599145290527281 0.9477887291280147 0.009963768115942028 0.01375
0 0.726416505337313 0.7030817099567099 0.009963768115942028 0.01375
0 0.8084160706443316 0.6508113017934446 0.009963768115942028 0.01375
0 0.8599518364658117 0.5574547773654916 0.010869565217391304 0.015
0 0.8910592728527513 0.7844314316635745 0.010869565217391304 0.015
0 0.9320828627893848 0.7435756802721087 0.010869565217391304 0.015
0 0.9468618639814294 0.6960091991341991 0.010869565217391304 0.015
0 0.9297945627526375 0.4381767934446506 0.009963768115942028 0.01375
0 0.9663843963145207 0.3558731447124305 0.010869565217391304 0.015
0 0.4350797796061773 0.57696158008658 0.009963768115942028 0.01375
0 0.16560150081112823 0.3593270717377861 0.009963768115942028 0.01375
