0 0.564228968926174 0.9548612399505256 0.009963768115942028 0.01375
0 0.651353542075592 0.850320423623995 0.009963768115942028 0.01375
0 0.7273223024387623 0.7124238559059987 0.009963768115942028 0.01375
0 0.8978289438304968 0.7878853586889301 0.009963768115942028 0.01375
0 0.9404019677699804 0.7470953153988867 0.010869565217391304 0.015
0 0.9444542474433781 0.7207463667285096 0.009963768115942028 0.01375
0 0.8628361588377118 0.5621587043908473 0.009963768115942028 0.01375
0 0.9663843963145207 0.36139958256029686 0.009963768115942028 0.01375
0 0.9271724005807859 0.4485718150896723 0.010869565217391304 0.015
0 0.6802679075582805 0.3385045609152752 0.010869565217391304 0.015
0 0.732232764647361 0.2767273500309216 0.010869565217391304 0.015
0 0.7564035989890029 0.05563891465677187 0.009963768115942028 0.01375
0 0.6412704574583458 0.17564046072974648 0.010869565217391304 0.015
0 0.39341255276814296 0.4032092609771182 0.010869565217391304 0.015
0 0.4165106589407833 0.7629178262213976 0.009963768115942028 0.01375
0 0.35312782886540667 0.772654993815708 0.010869565217391304 0.015
0 0.17451662812687668 0.37103780148423016 0.009963768115942028 0.01375
