0 0.8099655046471818 0.700351345083488 0.009963768115942028 0.01375
0 0.8668884385111094 0.5955801638837354 0.010869565217391304 0.015
0 0.9233822811074366 0.5000197124304268 0.009963768115942028 0.01375
0 0.959447794269223 0.3908406771799629 0.010869565217391304 0.015
0 0.9112730566534916 0.8163068181818182 0.009963768115942028 0.01375
0 0.7275368480725625 0.7473256802721088 0.010869565217391304 0.015
0 0.6547621848475887 0.8759458101422386 0.009963768115942028 0.01375
0 0.4277617008595271 0.8057803803339517 0.009963768115942028 0.01375
0 0.3921252789653412 0.8157146722325294 0.010869565217391304 0.015
0 0.38471197108619487 0.4071896258503402 0.009963768115942028 0.01375
0 0.1595230813010317 0.40505140692640695 0.009963768115942028 0.01375
0 0.6504953595403907 0.19323940940012377 0.009963768115942028 0.01375
0 0.7580482621243493 0.09297503092145959 0.009963768115942028 0.01375
0 0.7019358962293747 0.3731760204081633 0.009963768115942028 0.01375
0 0.7075852244718706 0.3487349257884972 0.009963768115942028 0.01375
