0 0.7223642256639153 0.7581481910946196 0.010869565217391304 0.015
0 0.8050550424385828 0.713312074829932 0.009963768115942028 0.01375
0 0.8656011647083078 0.6060408936301793 0.010869565217391304 0.015
0 0.9199736383354399 0.5074540043290043 0.009963768115942028 0.01375
0 0.956563471897323 0.3966631880024738 0.010869565217391304 0.015
0 0.42435305808753027 0.8190371830550401 0.009963768115942028 0.01375
0 0.39479505570344087 0.8233793290043289 0.010869565217391304 0.015
0 0.15115636175418792 0.4096239177489178 0.009963768115942028 0.01375
0 0.38199457978184703 0.4134396258503402 0.010869565217391304 0.015
0 0.6471343313346422 0.1994237012987014 0.009963768115942028 0.01375
0 0.7521843882480531 0.09892895794681522 0.010869565217391304 0.015
0 0.9133468110564386 0.8185107452071737 0.010869565217391304 0.015
