0 0.558579640683678 0.9493348021026591 0.010869565217391304 0.015
0 0.6522117246107931 0.8388400587507729 0.010869565217391304 0.015
0 0.7257252538696639 0.7012395640074212 0.010869565217391304 0.015
0 0.8077248191766827 0.6515348639455784 0.009963768115942028 0.01375
0 0.8588314937305621 0.5478165584415584 0.009963768115942028 0.01375
0 0.9334177511584346 0.4341307204700062 0.010869565217391304 0.015
0 0.969530878886469 0.3502809987631417 0.010869565217391304 0.015
0 0.6040369869950617 0.6490348639455783 0.009963768115942028 0.01375
0 0.5861591177973167 0.6536730828695114 0.010869565217391304 0.015
0 0.40952644232923746 0.7328845856524427 0.010869565217391304 0.015
0 0.3367517791042637 0.7488717532467533 0.009963768115942028 0.01375
0 0.456246975074615 0.6028830395794682 0.009963768115942028 0.01375
0 0.4231851007860326 0.5677508503401361 0.009963768115942028 0.01375
0 0.5046362583241468 0.587553726035869 0.010869565217391304 0.015
0 0.4966510154786555 0.5532440476190477 0.009963768115942028 0.01375
0 0.4064275743235372 0.41403177179962897 0.010869565217391304 0.015
0 0.2809491879755856 0.5436058286951144 0.009963768115942028 0.01375
0 0.16645968334632938 0.35189277983920847 0.009963768115942028 0.01375
0 0.15168068215428473 0.5067961502782932 0.010869565217391304 0.015
0 0.36635739605460116 0.21113443104514545 0.010869565217391304 0.015
0 0.41405542783648386 0.22297657699443418 0.010869565217391304 0.015
0 0.45305287793641846 0.12639649041434764 0.010869565217391304 0.015
0 0.4642563052889141 0.17616689857761286 0.010869565217391304 0.015
0 0.6363599952497471 0.19389726345083488 0.009963768115942028 0.01375
0 0.6701372083747861 0.3175831014223871 0.009963768115942028 0.01375
0 0.7266310509711131 0.2554441094619666 0.009963768115942028 0.01375
0 0.8944679156247481 0.7832471397649968 0.009963768115942028 0.01375
0 0.9319159317218326 0.7409110235003092 0.009963768115942028 0.01375
0 0.9522490320238768 0.6839366883116884 0.009963768115942028 0.01375
0 0.8169021066924794 0.5204147340754484 0.010869565217391304 0.015
0 0.8295832661127693 0.5079147340754484 0.009963768115942028 0.01375
0 0.7723981720487934 0.9759798237476808 0.009963768115942028 0.01375
