0 0.8682709414464075 0.5800537260358689 0.009963768115942028 0.01375
0 0.8149235814220287 0.6817327612863326 0.010869565217391304 0.015
0 0.7320182190135608 0.7322267316017316 0.009963768115942028 0.01375
0 0.6562640042841907 0.8648929344465058 0.009963768115942028 0.01375
0 0.5681860194670755 0.9672298237476809 0.010869565217391304 0.015
0 0.9142049935916398 0.7990039424860853 0.009963768115942028 0.01375
0 0.9641437108440216 0.37192602040816325 0.009963768115942028 0.01375
0 0.6954283854516776 0.3577152906617192 0.010869565217391304 0.015
0 0.7208147916610651 0.3110370284477428 0.009963768115942028 0.01375
0 0.7594783796258953 0.07883000927643792 0.010869565217391304 0.015
0 0.6488506964050443 0.18580511750154613 0.009963768115942028 0.01375
0 0.3874769769567908 0.4048210420531849 0.009963768115942028 0.01375
0 0.15904637546718298 0.4001828231292518 0.010869565217391304 0.015
0 0.4286198833947283 0.7859117965367965 0.009963768115942028 0.01375
0 0.38790606822439133 0.8032803803339518 0.010869565217391304 0.015
