0 0.759502466994703 0.0339938930117502 0.010869565217391304 0.015
0 0.6390773865540949 0.18771297155225738 0.010869565217391304 0.015
0 0.4606807314493651 0.17041009585652447 0.009963768115942028 0.01375
0 0.447093774927626 0.14291009585652448 0.009963768115942028 0.01375
0 0.41043223943068674 0.22695694186765622 0.009963768115942028 0.01375
0 0.3743667262689003 0.20281192022263453 0.009963768115942028 0.01375
0 0.6724255084115334 0.32376739332096477 0.009963768115942028 0.01375
0 0.730683330644511 0.257220547309833 0.010869565217391304 0.015
0 0.49674624461115163 0.5732772881880025 0.009963768115942028 0.01375
0 0.45939345764656336 0.5973566017316018 0.009963768115942028 0.01375
0 0.425640331890332 0.5707772881880024 0.010869565217391304 0.015
0 0.4133641763688349 0.7448913883735312 0.010869565217391304 0.015
0 0.3401128073100124 0.7563060451453307 0.009963768115942028 0.01375
0 0.15077488505283546 0.4975854205318491 0.009963768115942028 0.01375
0 0.16469570370967895 0.35528099876314173 0.009963768115942028 0.01375
0 0.5596523688526794 0.9494994588744587 0.009963768115942028 0.01375
0 0.6502331993403423 0.839070423623995 0.009963768115942028 0.01375
0 0.7237467285992132 0.6996934910327767 0.010869565217391304 0.015
0 0.8577587655615607 0.5531126314162029 0.009963768115942028 0.01375
0 0.9314392258879839 0.4362689393939394 0.010869565217391304 0.015
0 0.9303188831527343 0.7460756802721087 0.009963768115942028 0.01375
0 0.9466949329138772 0.6926209802102659 0.010869565217391304 0.015
0 0.8931330272556983 0.7755167748917748 0.009963768115942028 0.01375
0 0.7687749836429962 0.9744337507730364 0.010869565217391304 0.015
0 0.8073433424753301 0.6508770098948671 0.010869565217391304 0.015
0 0.9657407594131198 0.35278099876314173 0.010869565217391304 0.015
0 0.40397234321923775 0.4118278447742733 0.009963768115942028 0.01375
