0 0.726416505337313 0.6944631261595546 0.010869565217391304 0.015
0 0.8066044764414331 0.6431466450216451 0.009963768115942028 0.01375
0 0.8582354713954095 0.5481783395176252 0.009963768115942028 0.01375
0 0.8281055340449751 0.5045922232529376 0.010869565217391304 0.015
0 0.8172359688275839 0.5233422232529376 0.009963768115942028 0.01375
0 0.851465800417664 0.50215793135436 0.009963768115942028 0.01375
0 0.9318207025893362 0.429492501546073 0.009963768115942028 0.01375
0 0.9684105361512196 0.3464652906617192 0.009963768115942028 0.01375
0 0.40893041999408475 0.7265688775510205 0.009963768115942028 0.01375
0 0.3349877994676132 0.7409110235003092 0.010869565217391304 0.015
0 0.4972229504450002 0.5423558286951145 0.009963768115942028 0.01375
0 0.5059235321269484 0.5955801638837354 0.010869565217391304 0.015
0 0.5209170789527934 0.6329819882498454 0.010869565217391304 0.015
0 0.7261543451372646 0.24919410946196663 0.010869565217391304 0.015
0 0.6708284598424351 0.31383310142238713 0.010869565217391304 0.015
0 0.6656558374337879 0.39179460420531853 0.009963768115942028 0.01375
0 0.6601017383237882 0.41337391774891785 0.009963768115942028 0.01375
0 0.641318072024594 0.18889726345083488 0.009963768115942028 0.01375
0 0.5709034107714234 0.1325807823129253 0.010869565217391304 0.015
0 0.512121268138349 0.10938968769325924 0.009963768115942028 0.01375
0 0.5384134714491859 0.14067292826221403 0.009963768115942028 0.01375
0 0.4539110604716196 0.10629754174397035 0.010869565217391304 0.015
0 0.4156524764055821 0.22041086889301184 0.009963768115942028 0.01375
0 0.3644981872854545 0.21274621212121217 0.009963768115942028 0.01375
0 0.4087158743602844 0.4204464285714286 0.009963768115942028 0.01375
0 0.29289148136197835 0.5364676097711812 0.009963768115942028 0.01375
0 0.26879234895539256 0.5439019016697588 0.009963768115942028 0.01375
0 0.16426661244207835 0.34945848794063084 0.009963768115942028 0.01375
0 0.4218978269832309 0.5655469233147804 0.009963768115942028 0.01375
0 0.4586545916126663 0.6014026747062462 0.009963768115942028 0.01375
0 0.5859445721635165 0.6558113017934446 0.009963768115942028 0.01375
0 0.6070165384994578 0.6487387909709338 0.009963768115942028 0.01375
0 0.9303188831527343 0.7386413883735312 0.009963768115942028 0.01375
0 0.8944679156247481 0.7888392857142857 0.010869565217391304 0.015
0 0.9591856340691747 0.6756141774891775 0.009963768115942028 0.01375
0 0.65428547901374 0.8372939857761286 0.009963768115942028 0.01375
0 0.5619406688894267 0.9443348021026591 0.010869565217391304 0.015
0 0.46313596255366457 0.17202187693259133 0.009963768115942028 0.01375
0 0.5124310429046455 0.13860041743970328 0.009963768115942028 0.01375
0 0.3062403650524769 0.8513400587507729 0.009963768115942028 0.01375
