0 0.7147363721509685 0.3289977581941868 0.010869565217391304 0.015
0 0.6975021398546245 0.36544565553494124 0.009963768115942028 0.01375
0 0.6493274022388931 0.19103548237476814 0.009963768115942028 0.01375
0 0.7566657591890512 0.08501430117501556 0.009963768115942028 0.01375
0 0.38418765068609806 0.4057092609771182 0.009963768115942028 0.01375
0 0.15504171036003342 0.4056435528756958 0.010869565217391304 0.015
0 0.42792863192707925 0.7971617965367966 0.010869565217391304 0.015
0 0.38940788766099343 0.8148264533085962 0.009963768115942028 0.01375
0 0.8689621929140564 0.5908762368583798 0.010869565217391304 0.015
0 0.9235968267412369 0.487947201607916 0.009963768115942028 0.01375
0 0.9091993022505447 0.8048264533085961 0.009963768115942028 0.01375
0 0.7290862820754126 0.737753169449598 0.009963768115942028 0.01375
0 0.6560970732166386 0.869531153370439 0.009963768115942028 0.01375
0 0.8108713017486311 0.6907131261595546 0.009963768115942028 0.01375
