0 0.7365472045208072 0.12343576066790363 0.009963768115942028 0.01375
0 0.7376675472560567 0.1592915120593693 0.009963768115942028 0.01375
0 0.7452001716365072 0.1929433364254794 0.009963768115942028 0.01375
0 0.6791475648230308 0.2643587662337663 0.010869565217391304 0.015
0 0.6441547798302458 0.28416164192949905 0.009963768115942028 0.01375
0 0.620675196956253 0.1740943877551021 0.010869565217391304 0.015
0 0.6023206219246593 0.1330082714904144 0.010869565217391304 0.015
0 0.4729568869708623 0.08103393630179355 0.010869565217391304 0.015
0 0.4348652339723769 0.09340252009894882 0.009963768115942028 0.01375
0 0.36118477364595386 0.04850069573283875 0.010869565217391304 0.015
0 0.42952568049617756 0.2069237012987014 0.010869565217391304 0.015
0 0.3475261151891588 0.1044553957946816 0.009963768115942028 0.01375
0 0.33484495576886897 0.1282053957946816 0.009963768115942028 0.01375
0 0.31839720407266997 0.19264726345083488 0.009963768115942028 0.01375
0 0.38337708271714493 0.20804228509585657 0.010869565217391304 0.015
0 0.5012276155521498 0.28666164192949906 0.009963768115942028 0.01375
0 0.5337651694406353 0.3457084879406308 0.009963768115942028 0.01375
0 0.5637522630923253 0.3753142393320965 0.009963768115942028 0.01375
0 0.601367210256962 0.35991921768707485 0.009963768115942028 0.01375
0 0.6217955396915026 0.39459067717996293 0.009963768115942028 0.01375
0 0.5596999834189277 0.5015657854050711 0.009963768115942028 0.01375
0 0.5218228760542426 0.5083422232529375 0.009963768115942028 0.01375
0 0.4918357824025527 0.5250529529993816 0.009963768115942028 0.01375
0 0.5561244095793788 0.5522244124922697 0.010869565217391304 0.015
0 0.5187240080485425 0.5779155071119357 0.009963768115942028 0.01375
0 0.3165856098697714 0.5258754638218924 0.009963768115942028 0.01375
0 0.2957281891676303 0.5399215367965369 0.009963768115942028 0.01375
0 0.28121134817563403 0.5628165584415584 0.009963768115942028 0.01375
0 0.2545376681634447 0.6008105287569573 0.009963768115942028 0.01375
0 0.2500086826561983 0.43074250154607296 0.009963768115942028 0.01375
0 0.23773252713470117 0.42603857452071736 0.010869565217391304 0.015
0 0.2175663579002089 0.31508310142238716 0.009963768115942028 0.01375
0 0.26798178098643943 0.2810694959802103 0.009963768115942028 0.01375
0 0.29732523773672853 0.7316345856524427 0.009963768115942028 0.01375
0 0.34774066082295907 0.7409110235003092 0.009963768115942028 0.01375
0 0.4024229092163876 0.7055817099567099 0.009963768115942028 0.01375
0 0.4754597326414097 0.8048921614100186 0.010869565217391304 0.015
0 0.4440901360544219 0.8144646722325294 0.009963768115942028 0.01375
0 0.6105921123390069 0.9427887291280147 0.010869565217391304 0.015
0 0.5820592235576708 0.9341044372294371 0.010869565217391304 0.015
0 0.5801283128534683 0.9796641156462584 0.009963768115942028 0.01375
0 0.6092572239699571 0.9774601886209028 0.010869565217391304 0.015
0 0.6405792059906968 0.7865696505875077 0.010869565217391304 0.015
0 0.6360978350496985 0.7359767316017316 0.010869565217391304 0.015
0 0.6699226627409859 0.776174628942486 0.009963768115942028 0.01375
0 0.6932829291136747 0.719792439703154 0.010869565217391304 0.015
0 0.7163334207200668 0.6920288342609772 0.009963768115942028 0.01375
0 0.6601017383237882 0.5871919449598021 0.009963768115942028 0.01375
0 0.6582425295546415 0.5423558286951145 0.009963768115942028 0.01375
0 0.7004340767927725 0.552520485466914 0.009963768115942028 0.01375
0 0.6892306494402768 0.6103830395794682 0.009963768115942028 0.01375
0 0.6779796075215332 0.48449327458256036 0.009963768115942028 0.01375
0 0.676477788084931 0.45791396103896104 0.010869565217391304 0.015
0 0.702245670995671 0.4121896258503402 0.009963768115942028 0.01375
0 0.762958724332948 0.476466836734694 0.009963768115942028 0.01375
0 0.7951865034551372 0.4897236394557824 0.009963768115942028 0.01375
0 0.8013125375314818 0.4495914502164503 0.009963768115942028 0.01375
0 0.7820045508321908 0.40587391774891785 0.010869565217391304 0.015
0 0.7569279193890996 0.3623535095856525 0.009963768115942028 0.01375
0 0.820048589264428 0.3510045609152752 0.009963768115942028 0.01375
0 0.8180700639939773 0.32406346629560917 0.009963768115942028 0.01375
0 0.8335403166536708 0.38929460420531853 0.010869565217391304 0.015
0 0.842240898335619 0.1703443877551021 0.009963768115942028 0.01375
0 0.8779249347960529 0.2106079931972789 0.009963768115942028 0.01375
0 0.8987347409319462 0.26317447433518865 0.009963768115942028 0.01375
0 0.9289839947836844 0.30801059059987634 0.009963768115942028 0.01375
0 0.9070062313462935 0.34041241496598645 0.009963768115942028 0.01375
0 0.905838274044796 0.37972209338280777 0.010869565217391304 0.015
0 0.8987347409319462 0.40475533395176255 0.009963768115942028 0.01375
0 0.8390944157636706 0.5590665584415584 0.009963768115942028 0.01375
0 0.8760657260269064 0.5899223098330242 0.010869565217391304 0.015
0 0.8783540260636535 0.640416280148423 0.009963768115942028 0.01375
0 0.7913487694155398 0.7074895640074211 0.009963768115942028 0.01375
0 0.5323350519390894 0.7174238559059987 0.010869565217391304 0.015
0 0.5075205806960468 0.700351345083488 0.009963768115942028 0.01375
0 0.8438379469047171 0.7844314316635745 0.009963768115942028 0.01375
0 0.8888185873822521 0.7522599721706865 0.009963768115942028 0.01375
0 0.9128224906563418 0.7981157235621521 0.009963768115942028 0.01375
0 0.9276491064146346 0.7560099721706866 0.009963768115942028 0.01375
0 0.8902010903175501 0.8126225262832406 0.009963768115942028 0.01375
0 0.8987347409319462 0.6781141774891775 0.009963768115942028 0.01375
0 0.9142049935916398 0.6632455936920223 0.009963768115942028 0.01375
0 0.9142049935916398 0.6432455936920224 0.009963768115942028 0.01375
0 0.9150155615605927 0.6200212585034014 0.009963768115942028 0.01375
0 0.927220015147034 0.5874880179344465 0.009963768115942028 0.01375
0 0.9298421773188855 0.5430136827458256 0.010869565217391304 0.015
0 0.9357060511951819 0.4925854205318491 0.009963768115942028 0.01375
0 0.975823844030366 0.5417636827458256 0.009963768115942028 0.01375
0 0.9805197606051645 0.49965793135436004 0.009963768115942028 0.01375
0 0.9354915055613815 0.7953196505875078 0.009963768115942028 0.01375
0 0.8028143569680838 0.9037751236858379 0.010869565217391304 0.015
0 0.838712939062318 0.9433808750773036 0.010869565217391304 0.015
0 0.40819155396018764 0.5588361935683364 0.010869565217391304 0.015
0 0.21735181226640865 0.6957131261595546 0.009963768115942028 0.01375
0 0.21058214128866318 0.7222267316017316 0.010869565217391304 0.015
0 0.2074832732829628 0.7637403370439085 0.009963768115942028 0.01375
0 0.22524182597940376 0.8191685992578849 0.010869565217391304 0.015
0 0.23725582130085243 0.5154147340754484 0.010869565217391304 0.015
0 0.2084366849506602 0.5503822665429808 0.010869565217391304 0.015
0 0.3195175468079196 0.04725069573283875 0.009963768115942028 0.01375
