0 0.4268559037580778 0.24277945269016699 0.010869565217391304 0.015
0 0.466282445125613 0.30676059059987637 0.009963768115942028 0.01375
0 0.6208897425900534 0.22945694186765622 0.010869565217391304 0.015
0 0.6262292960662528 0.30330666357452074 0.010869565217391304 0.015
0 0.6652743607324355 0.31478702844774276 0.009963768115942028 0.01375
0 0.725034002402015 0.26715483920841065 0.010869565217391304 0.015
0 0.7290862820754126 0.4467953772418059 0.009963768115942028 0.01375
0 0.6990991884237227 0.4678482529375387 0.009963768115942028 0.01375
0 0.8126828959515296 0.6558113017934446 0.010869565217391304 0.015
0 0.9123933993887412 0.6165673314780458 0.009963768115942028 0.01375
0 0.9646204166778704 0.7164699288806432 0.009963768115942028 0.01375
0 0.9336799113584829 0.795615723562152 0.010869565217391304 0.015
0 0.7777377255249928 0.7424570964749536 0.010869565217391304 0.015
0 0.805746293906232 0.8018000154607298 0.009963768115942028 0.01375
0 0.4924794193039536 0.7399570964749536 0.009963768115942028 0.01375
0 0.4671882422270623 0.7080817099567099 0.010869565217391304 0.015
0 0.477748032678157 0.5673890692640693 0.010869565217391304 0.015
0 0.4911445309349038 0.582553726035869 0.009963768115942028 0.01375
