0 0.8418118070680185 0.771174628942486 0.009963768115942028 0.01375
0 0.8814528940693539 0.7687403370439085 0.010869565217391304 0.015
0 0.8855051737427515 0.7442992424242425 0.009963768115942028 0.01375
0 0.785103418837891 0.7108777829313544 0.009963768115942028 0.01375
0 0.8805470969679046 0.6780484693877551 0.010869565217391304 0.015
0 0.9041219089743936 0.615975185528757 0.009963768115942028 0.01375
0 0.868700032714008 0.6022908936301793 0.010869565217391304 0.015
0 0.8263415544083248 0.5846919449598021 0.009963768115942028 0.01375
0 0.9269102403807374 0.5525861935683364 0.010869565217391304 0.015
0 0.7846743275702904 0.49288149350649346 0.009963768115942028 0.01375
0 0.7631732699667484 0.4752825448361163 0.009963768115942028 0.01375
0 0.7983329860270856 0.4436375231910947 0.009963768115942028 0.01375
0 0.7785959080601939 0.4134396258503402 0.009963768115942028 0.01375
0 0.8366391846593711 0.39524853123067416 0.009963768115942028 0.01375
0 0.8949446214585969 0.3521888528138528 0.009963768115942028 0.01375
0 0.9263618326118327 0.3159713203463204 0.009963768115942028 0.01375
0 0.7423634638308552 0.19906192022263455 0.009963768115942028 0.01375
0 0.7542105280847518 0.3775838744588745 0.009963768115942028 0.01375
0 0.7003864622265246 0.42610428262213984 0.010869565217391304 0.015
0 0.6746661938820324 0.26001662028447753 0.010869565217391304 0.015
0 0.6408889807569934 0.2853459338280767 0.009963768115942028 0.01375
0 0.6175287143843046 0.1821208256029685 0.009963768115942028 0.01375
0 0.6112357492404079 0.3870906771799629 0.010869565217391304 0.015
0 0.6064922180993612 0.3672878014842301 0.010869565217391304 0.015
0 0.6740225569806317 0.5408097557204701 0.009963768115942028 0.01375
0 0.6580279839208413 0.5441979746444032 0.010869565217391304 0.015
0 0.6331182835453023 0.7875892857142857 0.009963768115942028 0.01375
0 0.6220100853253028 0.75423353432282 0.010869565217391304 0.015
0 0.5256606100938401 0.7120620748299319 0.010869565217391304 0.015
0 0.4627544858523121 0.635416280148423 0.010869565217391304 0.015
0 0.3484795268568562 0.774924628942486 0.010869565217391304 0.015
0 0.30042410574242884 0.7281806586270873 0.009963768115942028 0.01375
0 0.2074832732829628 0.7943000154607297 0.009963768115942028 0.01375
0 0.2677672353526392 0.5605469233147804 0.010869565217391304 0.015
0 0.3128431049626703 0.2006737012987014 0.010869565217391304 0.015
0 0.4299547717637781 0.20988443104514545 0.009963768115942028 0.01375
0 0.4971753358787522 0.2838655689548547 0.010869565217391304 0.015
0 0.5424657511225837 0.4962697124304267 0.009963768115942028 0.01375
0 0.49514919604205326 0.5246911719233148 0.009963768115942028 0.01375
0 0.519200713882391 0.5685733611626469 0.010869565217391304 0.015
0 0.542847227823936 0.5411058286951144 0.009963768115942028 0.01375
0 0.5290216382995888 0.3429781230674088 0.009963768115942028 0.01375
0 0.5489732619002807 0.3741956555349412 0.009963768115942028 0.01375
0 0.448404575927868 0.08942215522572682 0.009963768115942028 0.01375
0 0.4671406276608141 0.08067215522572681 0.010869565217391304 0.015
0 0.9043364546081939 0.2698852040816327 0.010869565217391304 0.015
0 0.2043367907110144 0.31692524737167604 0.009963768115942028 0.01375
0 0.18507641857797144 0.32465561224489803 0.009963768115942028 0.01375
