0 0.48420792888960595 0.7471610235003092 0.009963768115942028 0.01375
0 0.4715267694693161 0.7246610235003093 0.010869565217391304 0.015
0 0.7806220478968928 0.7590364100185528 0.009963768115942028 0.01375
0 0.781527844998342 0.7802864100185528 0.009963768115942028 0.01375
0 0.8142323299543798 0.6706798855905999 0.010869565217391304 0.015
0 0.9088178255491921 0.6273898423005566 0.009963768115942028 0.01375
0 0.9220473927383868 0.7989382343846628 0.009963768115942028 0.01375
0 0.9554431291620734 0.7392992424242425 0.010869565217391304 0.015
0 0.6616511723266384 0.3222213203463204 0.009963768115942028 0.01375
0 0.7237467285992132 0.2854116419294991 0.010869565217391304 0.015
0 0.6213188338576539 0.30889880952380966 0.010869565217391304 0.015
0 0.6186490571195542 0.24741767161410025 0.009963768115942028 0.01375
0 0.4518849206349208 0.3023527365491651 0.010869565217391304 0.015
0 0.42301816971848044 0.2511019635126779 0.010869565217391304 0.015
