0 0.9191154558002386 0.7975235776128633 0.010869565217391304 0.015
0 0.9191154558002386 0.7975235776128633 0.009963768115942028 0.01375
0 0.9045510002419941 0.6298898423005566 0.009963768115942028 0.01375
0 0.8237910941715292 0.6781141774891775 0.009963768115942028 0.01375
0 0.7210293372948653 0.29123415275201 0.009963768115942028 0.01375
0 0.6784563133553819 0.3085370284477428 0.009963768115942028 0.01375
0 0.6188159881871065 0.3086027365491651 0.009963768115942028 0.01375
0 0.6207228115225012 0.254720547309833 0.009963768115942028 0.01375
0 0.4225890784508798 0.2579441094619666 0.009963768115942028 0.01375
0 0.44137274475007404 0.28975378787878797 0.010869565217391304 0.015
