0 0.42440067265377834 0.24794410946196663 0.009963768115942028 0.01375
0 0.46089527708316536 0.30360273654916514 0.009963768115942028 0.01375
0 0.6204130367562046 0.30830666357452075 0.009963768115942028 0.01375
0 0.6190781483871548 0.24027945269016698 0.009963768115942028 0.01375
0 0.6618657179604386 0.31699095547309836 0.009963768115942028 0.01375
0 0.7241758198668139 0.2770891311069883 0.009963768115942028 0.01375
0 0.7201235401934161 0.4560718150896723 0.009963768115942028 0.01375
0 0.6995282796913233 0.4684403988868274 0.010869565217391304 0.015
0 0.9097236226506414 0.6227516233766234 0.009963768115942028 0.01375
0 0.8093218677457809 0.6675877396413111 0.009963768115942028 0.01375
0 0.780836593530693 0.751963899196042 0.009963768115942028 0.01375
0 0.7938516150860871 0.7946617965367966 0.009963768115942028 0.01375
0 0.957207108798724 0.7288385126777984 0.009963768115942028 0.01375
0 0.9218328471045864 0.7998921614100186 0.009963768115942028 0.01375
0 0.4875689570953547 0.7442992424242425 0.009963768115942028 0.01375
0 0.46666392182696537 0.7186081478045765 0.010869565217391304 0.015
0 0.4736005238722632 0.5763037260358689 0.009963768115942028 0.01375
0 0.48628168329255306 0.5800537260358689 0.010869565217391304 0.015
