0 0.428405337760928 0.23011479591836748 0.009963768115942028 0.01375
0 0.4781295093795096 0.302714517625232 0.009963768115942028 0.01375
0 0.6188636027533544 0.2131079931972789 0.010869565217391304 0.015
0 0.6343338554130481 0.2959380797773656 0.010869565217391304 0.015
0 0.6672528860028862 0.29682629870129873 0.009963768115942028 0.01375
0 0.7329240161150101 0.24366767161410025 0.009963768115942028 0.01375
0 0.7421013036308068 0.42360428262213984 0.010869565217391304 0.015
0 0.7026747622632719 0.4489993042671614 0.010869565217391304 0.015
0 0.49963056698305164 0.576073361162647 0.010869565217391304 0.015
0 0.482134174486659 0.5472901205936921 0.009963768115942028 0.01375
0 0.4671882422270623 0.6863052721088435 0.010869565217391304 0.015
0 0.5061856923269967 0.7275885126777984 0.009963768115942028 0.01375
0 0.7820045508321908 0.7281806586270873 0.009963768115942028 0.01375
0 0.8140177843205795 0.6366662801484231 0.009963768115942028 0.01375
0 0.8532773946205625 0.640646645021645 0.010869565217391304 0.015
0 0.8783540260636535 0.6440348639455783 0.009963768115942028 0.01375
0 0.9202357985354882 0.5921262368583797 0.009963768115942028 0.01375
0 0.846555338209065 0.7013052721088435 0.009963768115942028 0.01375
0 0.8196194979968273 0.7934117965367966 0.009963768115942028 0.01375
0 0.2982310348381778 0.22136479591836747 0.009963768115942028 0.01375
0 0.27315440339508673 0.23718730674087823 0.009963768115942028 0.01375
0 0.9406641279700289 0.7842010667903526 0.009963768115942028 0.01375
0 0.9782790751346655 0.6957131261595546 0.009963768115942028 0.01375
