0 0.7371908414222081 0.31929383116883114 0.009963768115942028 0.01375
0 0.7142596663171198 0.3413663419913421 0.009963768115942028 0.01375
0 0.688539397972628 0.3839985312306742 0.010869565217391304 0.015
0 0.6997428253251237 0.5163686611008039 0.009963768115942028 0.01375
0 0.6981933913222734 0.5915340909090909 0.009963768115942028 0.01375
0 0.7162858061538188 0.6141330395794682 0.010869565217391304 0.015
0 0.7020311253618708 0.6455809369202226 0.009963768115942028 0.01375
0 0.6874190552373782 0.7470953153988867 0.009963768115942028 0.01375
0 0.8568529684601114 0.8012078695114409 0.009963768115942028 0.01375
0 0.9527257378577255 0.512388296227582 0.009963768115942028 0.01375
0 0.950866529088579 0.3564652906617192 0.010869565217391304 0.015
0 0.5758614875462703 0.08156037414965994 0.010869565217391304 0.015
0 0.5310477781362876 0.09333681199752633 0.009963768115942028 0.01375
0 0.5865882090649173 0.35991921768707485 0.009963768115942028 0.01375
0 0.561463963055578 0.34939277983920847 0.010869565217391304 0.015
0 0.494243398940604 0.4278150123685839 0.010869565217391304 0.015
0 0.3952241469710415 0.4111699907235622 0.009963768115942028 0.01375
0 0.36273420764880404 0.4328150123685839 0.010869565217391304 0.015
0 0.3450232695186113 0.6936406153370439 0.009963768115942028 0.01375
0 0.3506725977611072 0.6580152288188004 0.009963768115942028 0.01375
0 0.29641944063527925 0.3157409554730984 0.009963768115942028 0.01375
0 0.2678865518539433 0.2620891311069883 0.009963768115942028 0.01375
0 0.3674777387898507 0.8487743506493506 0.009963768115942028 0.01375
