0 0.3696708096941017 0.8582154452690166 0.010869565217391304 0.015
0 0.2865985162180815 0.3036684446505876 0.010869565217391304 0.015
0 0.2722009917273894 0.2659048392084107 0.009963768115942028 0.01375
0 0.3616614794798026 0.4381110853432283 0.009963768115942028 0.01375
0 0.3887642507595925 0.4202160636982066 0.010869565217391304 0.015
0 0.4920979426026011 0.42728857452071733 0.009963768115942028 0.01375
0 0.6921149718121768 0.3916631880024738 0.010869565217391304 0.015
0 0.9478152756491268 0.3514652906617192 0.009963768115942028 0.01375
0 0.9477676610828787 0.5145265151515152 0.009963768115942028 0.01375
0 0.6977166854884247 0.5160068800247372 0.010869565217391304 0.015
0 0.7017213505955744 0.5896262368583798 0.010869565217391304 0.015
0 0.6854405299669275 0.75423353432282 0.010869565217391304 0.015
0 0.7040096506323217 0.647127009894867 0.009963768115942028 0.01375
0 0.8642662763392578 0.8138725262832406 0.009963768115942028 0.01375
0 0.7152606925510653 0.618475185528757 0.009963768115942028 0.01375
