0 0.8221223436673749 0.18764726345083488 0.009963768115942028 0.01375
0 0.7984999170946377 0.2433058905380335 0.009963768115942028 0.01375
0 0.7584773533919498 0.3051488095238096 0.009963768115942028 0.01375
0 0.71292477794807 0.3308399041434757 0.009963768115942028 0.01375
0 0.6856074610344798 0.36926136363636375 0.009963768115942028 0.01375
0 0.595598565513162 0.3695574366110081 0.009963768115942028 0.01375
0 0.5471616676973822 0.33113597711812004 0.010869565217391304 0.015
0 0.5045410291916503 0.433472866419295 0.010869565217391304 0.015
0 0.4019462033825389 0.414492501546073 0.010869565217391304 0.015
0 0.3631632989164046 0.4319267934446506 0.010869565217391304 0.015
0 0.30409490871447403 0.3537349257884972 0.009963768115942028 0.01375
0 0.2925817065956819 0.31442524737167604 0.010869565217391304 0.015
0 0.2695312149892896 0.2606087662337663 0.009963768115942028 0.01375
0 0.3674301242236026 0.6252516233766233 0.010869565217391304 0.015
0 0.3432592898819608 0.7018974180581324 0.009963768115942028 0.01375
0 0.3634254591164531 0.8450900587507729 0.010869565217391304 0.015
0 0.5410832481872856 0.5555469233147804 0.010869565217391304 0.015
0 0.5584127096161259 0.5830801638837353 0.009963768115942028 0.01375
0 0.6961672514855747 0.5754155071119357 0.010869565217391304 0.015
0 0.7019835107956227 0.5135725881261596 0.009963768115942028 0.01375
0 0.5321205063052891 0.1017250309214596 0.010869565217391304 0.015
0 0.595598565513162 0.06800749845392716 0.010869565217391304 0.015
0 0.36902717279270086 0.06771142547928279 0.009963768115942028 0.01375
0 0.3346780247013168 0.0781721552257268 0.010869565217391304 0.015
0 0.6354541981482977 0.03738211193568347 0.009963768115942028 0.01375
0 0.9635000739426207 0.35801136363636377 0.009963768115942028 0.01375
0 0.959447794269223 0.5033422232529375 0.010869565217391304 0.015
0 0.8881749504808514 0.6425544990723563 0.009963768115942028 0.01375
0 0.867198213277406 0.6490348639455783 0.009963768115942028 0.01375
0 0.8374973671945722 0.7785432127396413 0.010869565217391304 0.015
0 0.8588314937305621 0.8354518398268398 0.010869565217391304 0.015
0 0.70715613320427 0.6360084260977118 0.010869565217391304 0.015
0 0.7187886518243662 0.6020605287569574 0.009963768115942028 0.01375
0 0.6896597407078776 0.7412070964749536 0.009963768115942028 0.01375
0 0.7201235401934161 0.8193989641311069 0.009963768115942028 0.01375
