0 0.3732939980998988 0.886472247990105 0.009963768115942028 0.01375
0 0.36876501259265243 0.9114722479901051 0.010869565217391304 0.015
0 0.3643312562179023 0.432222866419295 0.010869565217391304 0.015
0 0.3875962934580949 0.4288346474953619 0.009963768115942028 0.01375
0 0.492741579504002 0.4263346474953619 0.009963768115942028 0.01375
0 0.6890161038064767 0.4010053339517626 0.009963768115942028 0.01375
0 0.6986700971561222 0.5225529529993816 0.010869565217391304 0.015
0 0.7055590846351718 0.5971262368583797 0.009963768115942028 0.01375
0 0.7196944489258155 0.629955550401979 0.009963768115942028 0.01375
0 0.7058212448352201 0.6580809369202225 0.009963768115942028 0.01375
0 0.6894928096403254 0.758444264069264 0.010869565217391304 0.015
0 0.8756366347593056 0.8241028911564626 0.009963768115942028 0.01375
0 0.9455745901786275 0.5223225881261596 0.009963768115942028 0.01375
0 0.9410456046713811 0.36176136363636374 0.010869565217391304 0.015
