0 889 27 899 41
0 831 40 841 54
0 885 247 895 261
0 883 267 895 283
0 808 263 818 277
0 844 220 856 236
0 799 358 809 372
0 888 424 900 440
0 866 457 876 471
0 851 473 861 487
0 796 538 806 552
0 756 539 768 555
0 710 580 720 594
0 667 605 677 619
0 614 570 624 584
0 589 537 599 551
0 534 554 546 570
0 494 521 504 535
0 480 545 490 559
0 500 564 510 578
0 511 390 523 406
0 594 403 604 417
0 612 432 624 448
0 658 375 670 391
0 618 268 628 282
0 595 377 605 391
0 519 343 529 357
0 364 615 374 629
0 309 634 321 650
0 252 620 264 636
0 257 592 269 608
0 402 722 414 738
0 722 740 734 756
0 737 685 747 699
0 823 649 835 665
0 999 692 1009 706
0 981 663 991 677
0 594 195 604 209
0 557 160 569 176
0 515 129 525 143
0 479 142 491 158
0 354 42 364 56
0 506 227 518 243
0 427 251 437 265
0 295 228 307 244
0 1056 265 1066 279
0 1039 265 1049 279
