0 936 303 946 293
0 866 381 876 371
0 952 484 962 474
0 898 760 908 750
0 694 656 704 646
0 642 774 652 764
0 525 628 535 618
0 647 528 657 518
0 675 505 685 495
0 688 469 698 459
0 646 437 656 427
0 544 398 554 388
0 547 328 557 318
0 545 345 555 335
0 524 69 534 59
0 538 25 548 15
0 413 66 423 56
0 361 72 371 62
0 280 67 290 57
0 268 215 278 205
0 201 192 211 182
0 365 251 375 241
0 268 379 278 369
0 325 466 335 456
0 301 522 311 512
0 277 602 287 592
0 467 586 477 576
0 472 568 482 558
0 846 237 856 227
0 865 253 875 243
