0 968 374 978 388
0 1011 374 1021 388
0 925 270 935 284
0 887 184 897 198
0 889 140 899 154
0 1024 225 1036 241
0 811 349 821 363
0 830 331 840 345
0 723 417 733 431
0 662 500 674 516
0 531 451 543 467
0 529 421 539 435
0 524 389 534 403
0 536 368 546 382
0 456 225 466 239
0 629 313 641 329
0 644 222 654 236
0 556 94 566 108
0 552 150 562 164
0 274 428 286 444
0 278 408 290 424
0 327 333 337 347
0 306 259 318 275
0 332 568 344 584
0 725 746 735 760
0 752 753 764 769
0 781 753 791 767
0 419 83 431 99
0 342 31 352 45
