0 622 585 632 571
0 581 593 591 579
0 555 604 567 588
0 442 758 452 744
0 399 739 409 725
0 350 762 360 748
0 278 695 288 681
0 263 627 273 613
0 260 595 270 581
0 287 566 297 552
0 231 525 243 509
0 395 515 405 501
0 400 483 412 467
0 415 407 425 393
0 540 302 550 288
0 522 271 532 257
0 418 249 428 235
0 410 208 420 194
0 369 163 379 149
0 312 183 322 169
0 242 190 254 174
0 308 252 318 238
0 343 300 353 286
0 317 316 329 300
0 338 349 348 335
0 311 339 323 323
0 213 328 223 314
0 269 393 279 379
0 251 394 261 380
0 358 629 368 615
0 696 695 706 681
0 652 595 662 581
0 685 556 695 542
0 816 564 826 550
0 813 515 823 501
0 812 532 824 516
0 767 664 777 650
0 737 703 747 689
0 784 727 794 713
0 820 698 830 684
0 788 681 798 667
0 865 708 877 692
0 915 725 925 711
0 886 717 896 703
0 963 711 973 697
0 899 667 909 653
0 902 643 912 629
0 977 582 987 568
0 1014 612 1026 596
0 983 533 993 519
0 987 498 997 484
0 933 447 943 433
0 876 327 886 313
0 867 264 877 250
0 871 240 881 226
0 824 239 836 223
0 842 207 852 193
0 875 197 887 181
0 880 172 892 156
0 967 239 979 223
0 981 202 991 188
0 828 67 838 53
0 819 36 829 22
0 697 57 709 41
0 605 57 617 41
0 562 32 572 18
0 630 103 640 89
0 650 141 660 127
0 535 128 545 114
0 564 204 574 190
0 581 237 591 223
0 640 231 652 215
0 642 261 652 247
0 609 300 621 284
0 646 406 656 392
0 635 419 645 405
