0 298 196 308 186
0 333 176 343 166
0 468 179 478 169
0 528 239 538 229
0 680 167 690 157
0 698 239 708 229
0 729 233 739 223
0 807 190 817 180
0 824 330 834 320
0 773 355 783 345
0 831 400 841 390
0 850 355 860 345
0 871 371 881 361
0 921 341 931 331
0 946 329 956 319
0 533 436 543 426
0 513 544 523 534
0 559 585 569 575
0 553 462 563 452
0 860 584 870 574
0 894 503 904 493
0 941 513 951 503
0 933 552 943 542
0 948 571 958 561
0 907 630 917 620
0 970 513 980 503
0 1016 471 1026 461
0 1079 547 1089 537
0 1040 631 1050 621
0 416 27 426 17
