0 790 760 800 750
0 737 720 747 710
0 758 607 768 597
0 706 658 716 648
0 580 711 590 701
0 561 720 571 710
0 415 727 425 717
0 483 673 493 663
0 530 640 540 630
0 653 547 663 537
0 690 515 700 505
0 725 405 735 395
0 898 545 908 535
0 851 405 861 395
0 736 372 746 362
0 808 224 818 214
0 812 194 822 184
0 764 195 774 185
0 767 215 777 205
0 753 263 763 253
0 737 305 747 295
0 713 323 723 313
0 635 359 645 349
0 545 324 555 314
0 487 323 497 313
0 445 333 455 323
0 443 389 453 379
0 409 415 419 405
0 367 375 377 365
0 416 620 426 610
0 294 651 304 641
0 251 591 261 581
0 316 567 326 557
0 214 589 224 579
0 193 581 203 571
0 249 242 259 232
0 323 77 333 67
0 439 59 449 49
0 525 62 535 52
0 564 58 574 48
0 597 65 607 55
0 585 228 595 218
0 626 232 636 222
0 660 234 670 224
0 754 118 764 108
0 817 135 827 125
0 906 81 916 71
0 935 74 945 64
0 968 168 978 158
0 1004 268 1014 258
