0 996 245 1008 261
0 968 162 978 176
0 814 121 824 135
0 753 112 763 126
0 646 223 656 237
0 626 218 638 234
0 584 210 594 224
0 589 52 599 66
0 561 46 571 60
0 529 48 541 64
0 432 44 442 58
0 334 69 344 83
0 246 229 258 245
0 370 359 382 375
0 401 399 413 415
0 439 380 449 394
0 442 324 452 338
0 486 311 498 327
0 535 317 547 333
0 742 258 752 272
0 726 287 736 301
0 704 311 714 325
0 628 348 638 362
0 722 384 732 398
0 732 364 742 378
0 847 410 857 424
0 890 530 900 544
0 744 602 754 616
0 707 635 719 651
0 782 759 792 773
0 682 508 692 522
0 650 531 660 545
0 514 626 526 642
0 478 660 488 674
0 408 720 420 736
0 493 544 505 560
0 412 605 424 621
0 301 641 311 655
0 294 569 304 583
0 243 578 253 592
