0 930 84 940 70
0 865 35 875 21
0 826 49 838 33
0 818 89 830 73
0 842 95 852 81
0 810 159 820 145
0 760 190 770 176
0 824 205 834 191
0 806 235 818 219
0 808 262 818 248
0 802 279 812 265
0 793 298 803 284
0 789 314 799 300
0 761 269 771 255
0 760 234 770 220
0 690 170 700 156
0 685 184 695 170
0 763 121 775 105
0 717 53 727 39
0 710 33 722 17
0 631 144 643 128
0 601 158 611 144
0 597 65 607 51
0 564 65 574 51
0 511 91 523 75
0 547 181 557 167
0 532 193 544 177
0 531 240 543 224
0 508 253 518 239
0 496 264 508 248
0 580 250 590 236
0 597 182 607 168
0 624 188 634 174
0 686 231 696 217
0 680 239 690 225
0 661 265 671 251
0 619 237 631 221
0 626 286 636 272
0 639 304 651 288
0 631 308 641 294
0 608 292 618 278
0 598 346 608 332
0 629 364 639 350
0 614 354 624 340
0 711 340 721 326
0 731 328 743 312
0 733 375 745 359
0 716 431 728 415
0 665 412 675 398
0 806 534 818 518
0 794 529 804 515
0 812 512 822 498
0 803 513 813 499
0 827 459 837 445
0 832 440 842 426
0 848 395 858 381
0 854 343 864 329
0 852 323 864 307
0 868 315 880 299
0 963 222 973 208
0 961 168 971 154
0 882 107 892 93
0 972 251 984 235
0 1073 300 1083 286
0 1077 276 1087 262
0 1016 299 1028 283
0 991 290 1003 274
0 1046 431 1058 415
0 1065 436 1075 422
0 1077 485 1087 471
0 1029 481 1039 467
0 1012 481 1024 465
0 991 455 1001 441
0 1014 537 1026 521
0 973 525 983 511
0 1014 635 1026 619
0 828 562 838 548
0 810 557 820 543
0 919 355 929 341
0 690 513 702 497
0 758 601 768 587
0 816 666 826 652
0 811 691 821 677
0 867 761 877 747
0 857 787 869 771
0 826 768 838 752
0 778 761 788 747
0 749 713 761 697
0 723 736 733 722
0 700 766 710 752
0 683 738 693 724
0 700 749 712 733
0 665 774 675 760
0 639 766 649 752
0 627 736 639 720
0 618 749 628 735
0 580 717 590 703
0 621 517 631 503
0 586 542 596 528
0 586 515 596 501
0 546 743 556 729
0 655 563 665 549
0 632 580 642 566
0 615 597 625 583
0 555 502 565 488
0 548 556 558 542
0 495 560 505 546
0 481 537 491 523
0 430 556 440 542
0 424 519 436 503
0 464 508 476 492
0 406 446 418 430
0 447 396 457 382
0 485 346 495 332
0 548 325 560 309
0 432 339 444 323
0 444 211 456 195
0 455 199 465 185
0 461 178 471 164
0 421 182 431 168
0 356 205 368 189
0 341 238 351 224
0 324 219 336 203
0 326 208 338 192
0 333 160 343 146
0 340 145 350 131
0 363 113 373 99
0 290 97 300 83
0 441 62 451 48
0 423 107 433 93
0 423 95 435 79
0 449 130 459 116
0 302 226 312 212
0 279 236 291 220
0 245 253 255 239
0 185 288 195 274
0 175 328 185 314
0 161 331 171 317
0 282 382 294 366
0 322 474 334 458
0 327 497 337 483
0 324 520 334 506
0 286 484 298 468
0 291 498 301 484
0 303 524 315 508
0 264 548 274 534
0 248 557 258 543
0 254 606 264 592
0 219 609 229 595
0 335 569 345 555
0 282 611 292 597
0 295 604 305 590
0 337 638 349 622
0 320 638 330 624
0 277 660 287 646
0 406 635 418 619
0 534 661 546 645
0 479 682 491 666
0 416 722 426 708
0 413 763 425 747
0 419 791 429 777
0 687 663 697 649
0 720 673 730 659
0 709 685 719 671
0 954 404 964 390
0 961 393 973 377
0 911 569 921 555
0 392 144 404 128
