0 886 541 896 531
0 845 437 855 427
0 736 626 746 616
0 709 639 719 629
0 781 784 791 774
0 507 641 517 631
0 477 673 487 663
0 403 743 413 733
0 411 622 421 612
0 486 568 496 558
0 301 661 311 651
0 276 597 286 587
0 247 589 257 579
0 431 399 441 389
0 398 415 408 405
0 368 373 378 363
0 436 344 446 334
0 490 328 500 318
0 532 334 542 324
0 634 368 644 358
0 696 323 706 313
0 663 542 673 532
0 806 137 816 127
0 760 130 770 120
0 973 183 983 173
0 982 253 992 243
0 578 224 588 214
0 584 73 594 63
0 426 62 436 52
0 340 84 350 74
0 237 247 247 237
