0 987 490 997 504
0 1015 442 1025 456
0 959 547 969 561
0 942 522 952 536
0 952 485 962 499
0 903 467 913 481
0 963 617 973 631
0 921 614 931 628
0 860 564 870 578
0 855 388 865 402
0 834 377 844 391
0 878 350 888 364
0 854 327 866 343
0 769 332 779 346
0 828 302 840 318
0 924 314 934 328
0 974 291 984 305
0 1011 246 1021 260
0 991 224 1001 238
0 812 160 822 174
0 735 206 747 222
0 705 221 717 237
0 685 144 695 158
0 471 161 481 175
0 541 225 553 241
0 340 149 350 163
0 296 191 306 205
0 585 395 597 411
0 542 413 554 429
0 584 429 596 445
0 559 451 569 465
0 510 509 520 523
0 569 566 579 580
0 372 612 384 628
0 334 580 344 594
0 687 622 697 636
0 680 605 690 619
