0 790 762 800 748
0 737 722 747 708
0 758 609 768 595
0 706 660 716 646
0 580 713 590 699
0 561 722 571 708
0 415 729 425 715
0 482 676 494 660
0 530 642 540 628
0 653 549 663 535
0 690 517 700 503
0 725 407 735 393
0 898 547 908 533
0 850 408 862 392
0 736 374 746 360
0 807 227 819 211
0 812 196 822 182
0 763 198 775 182
0 767 217 777 203
0 753 265 763 251
0 736 308 748 292
0 712 326 724 310
0 635 361 645 347
0 545 326 555 312
0 486 326 498 310
0 444 336 456 320
0 442 392 454 376
0 409 417 419 403
0 367 377 377 363
0 416 622 426 608
0 294 653 304 639
0 251 593 261 579
0 316 569 326 555
0 214 591 224 577
0 193 583 203 569
0 248 245 260 229
0 322 80 334 64
0 439 61 449 47
0 524 65 536 49
0 563 61 575 45
0 596 68 608 52
0 584 231 596 215
0 626 234 636 220
0 659 237 671 221
0 754 120 764 106
0 817 137 827 123
0 906 83 916 69
0 935 76 945 62
0 967 171 979 155
0 1003 271 1015 255
