0 565 582 575 596
0 585 578 595 592
0 619 571 629 585
0 655 579 667 595
0 697 682 707 696
0 787 714 799 730
0 809 683 819 697
0 872 698 882 712
0 889 703 899 717
0 915 706 927 722
0 956 697 968 713
0 812 551 824 567
0 694 539 704 553
0 973 567 985 583
0 983 519 995 535
0 982 497 992 511
0 936 433 946 447
0 879 310 891 326
0 875 254 885 268
0 876 228 888 244
0 829 221 839 235
0 846 193 856 207
0 874 165 886 181
0 972 201 982 215
0 974 219 984 233
0 719 209 729 223
0 638 243 648 257
0 641 216 653 232
0 588 211 600 227
0 563 198 573 212
0 546 104 558 120
0 627 94 637 108
0 648 127 658 141
0 607 48 617 62
0 529 261 539 275
0 853 773 863 787
0 541 286 553 302
0 428 195 438 209
0 417 244 427 258
0 312 237 324 253
0 312 171 322 185
0 340 285 352 301
0 324 300 334 314
0 321 329 331 343
0 411 388 423 404
0 406 372 416 386
0 450 418 462 434
0 352 617 362 631
0 286 546 298 562
0 312 694 324 710
0 285 685 295 699
0 360 739 370 753
0 438 749 448 763
0 406 727 416 741
0 620 284 630 298
0 399 492 409 506
