0 439 66 449 56
0 515 83 525 73
0 561 63 571 53
0 596 65 606 55
0 632 146 642 136
0 627 172 637 162
0 598 170 608 160
0 600 156 610 146
0 581 242 591 232
0 621 236 631 226
0 666 251 676 241
0 456 174 466 164
0 429 174 439 164
0 392 140 402 130
0 362 117 372 107
0 294 90 304 80
0 246 248 256 238
0 165 243 175 233
0 277 374 287 364
0 348 212 358 202
0 484 338 494 328
0 436 335 446 325
0 550 322 560 312
0 448 393 458 383
0 411 436 421 426
0 357 380 367 370
0 327 515 337 505
0 302 518 312 508
0 257 545 267 535
0 220 600 230 590
0 254 604 264 594
0 280 653 290 643
0 405 627 415 617
0 336 565 346 555
0 428 548 438 538
0 430 519 440 509
0 465 505 475 495
0 496 560 506 550
0 550 548 560 538
0 556 498 566 488
0 583 508 593 498
0 588 537 598 527
0 617 514 627 504
0 616 499 626 489
0 654 556 664 546
0 691 511 701 501
0 616 592 626 582
0 599 607 609 597
0 537 654 547 644
0 479 679 489 669
0 414 722 424 712
0 415 758 425 748
0 418 778 428 768
0 549 733 559 723
0 581 712 591 702
0 633 757 643 747
0 636 735 646 725
0 684 737 694 727
0 700 741 710 731
0 700 764 710 754
0 704 683 714 673
0 759 599 769 589
0 755 713 765 703
0 724 729 734 719
0 910 559 920 549
0 781 758 791 748
0 1009 533 1019 523
0 981 526 991 516
0 1026 476 1036 466
0 996 447 1006 437
0 1079 484 1089 474
0 1017 638 1027 628
0 848 393 858 383
0 718 422 728 412
0 733 375 743 365
0 790 307 800 297
0 795 291 805 281
0 802 273 812 263
0 808 262 818 252
0 811 233 821 223
0 732 320 742 310
0 711 334 721 324
0 628 359 638 349
0 757 263 767 253
0 764 227 774 217
0 760 186 770 176
0 759 114 769 104
0 815 151 825 141
0 815 200 825 190
0 817 82 827 72
0 827 49 837 39
0 889 93 899 83
0 934 77 944 67
0 870 24 880 14
0 962 163 972 153
0 967 220 977 210
0 975 248 985 238
0 1013 291 1023 281
0 1075 292 1085 282
0 1077 273 1087 263
0 328 486 338 476
