0 347 48 359 32
0 338 80 350 64
0 414 66 426 50
0 615 41 625 27
0 616 88 626 74
0 681 136 693 120
0 774 49 784 35
0 635 224 645 210
0 749 222 761 206
0 888 253 898 239
0 911 241 921 227
0 979 298 991 282
0 1001 306 1011 292
0 976 417 986 403
0 953 431 963 417
0 797 416 809 400
0 737 441 749 425
0 609 433 621 417
0 618 360 630 344
0 611 276 621 262
0 554 364 564 350
0 561 411 571 397
0 499 271 509 257
0 379 305 389 291
0 280 352 290 338
0 333 371 345 355
0 335 394 347 378
0 273 485 283 471
0 443 560 455 544
0 747 732 757 718
0 336 606 346 592
