0 399 398 409 412
0 435 381 447 397
0 367 360 377 374
0 440 324 450 338
0 242 230 252 244
0 337 71 347 85
0 432 49 442 63
0 532 50 544 66
0 555 52 565 66
0 587 55 599 71
0 754 109 766 125
0 812 121 824 137
0 969 164 979 178
0 992 245 1002 259
0 586 210 596 224
0 485 312 497 328
0 533 318 543 332
0 241 577 251 591
0 289 571 299 585
0 302 643 312 657
0 409 609 419 623
0 492 548 504 564
0 513 628 525 644
0 474 661 486 677
0 410 724 420 738
0 704 629 714 643
0 744 605 754 619
0 650 528 662 544
0 678 515 688 529
0 848 417 858 431
0 891 529 901 543
0 628 349 640 365
0 700 312 710 326
0 726 282 738 298
0 738 267 748 281
0 719 383 729 397
0 782 763 792 777
