0 936 246 946 236
0 910 275 920 265
0 910 314 920 304
0 915 337 925 327
0 995 276 1005 266
0 1068 306 1078 296
0 1038 337 1048 327
0 1024 408 1034 398
0 963 469 973 459
0 985 514 995 504
0 1041 504 1051 494
0 1046 544 1056 534
0 985 559 995 549
0 877 516 887 506
0 887 473 897 463
0 821 496 831 486
0 787 474 797 464
0 811 461 821 451
0 848 584 858 574
0 976 673 986 663
0 966 634 976 624
0 908 687 918 677
0 873 644 883 634
0 834 628 844 618
0 857 634 867 624
0 797 603 807 593
0 751 708 761 698
0 687 700 697 690
0 609 711 619 701
0 653 630 663 620
0 600 614 610 604
0 702 554 712 544
0 732 540 742 530
0 715 517 725 507
0 745 448 755 438
0 830 416 840 406
0 647 436 657 426
0 660 368 670 358
0 591 341 601 331
0 597 420 607 410
0 645 467 655 457
0 612 487 622 477
0 583 498 593 488
0 527 511 537 501
0 514 524 524 514
0 484 562 494 552
0 391 572 401 562
0 368 575 378 565
0 346 591 356 581
0 322 618 332 608
0 291 625 301 615
0 300 654 310 644
0 461 713 471 703
0 236 633 246 623
0 350 487 360 477
0 324 497 334 487
0 272 487 282 477
0 221 509 231 499
0 213 495 223 485
0 226 440 236 430
0 231 425 241 415
0 171 411 181 401
0 166 368 176 358
0 259 351 269 341
0 237 340 247 330
0 267 396 277 386
0 296 390 306 380
0 306 346 316 336
0 364 349 374 339
0 383 382 393 372
0 385 423 395 413
0 372 446 382 436
0 489 430 499 420
0 589 263 599 253
0 623 265 633 255
0 620 204 630 194
0 633 204 643 194
0 679 214 689 204
0 784 217 794 207
0 735 167 745 157
0 710 158 720 148
0 755 148 765 138
0 825 53 835 43
0 714 78 724 68
0 706 58 716 48
0 643 41 653 31
0 643 96 653 86
0 595 43 605 33
0 572 52 582 42
0 463 96 473 86
0 416 56 426 46
0 365 88 375 78
0 266 103 276 93
0 316 186 326 176
0 277 171 287 161
0 260 196 270 186
0 268 250 278 240
0 291 247 301 237
0 298 217 308 207
0 352 196 362 186
0 376 180 386 170
0 431 179 441 169
0 454 182 464 172
0 474 399 484 389
0 386 288 396 278
0 542 313 552 303
0 508 257 518 247
