0 438 66 448 56
0 361 82 371 72
0 297 90 307 80
0 182 189 192 179
0 294 220 304 210
0 384 239 394 229
0 523 84 533 74
0 549 127 559 117
0 580 154 590 144
0 550 21 560 11
0 421 26 431 16
0 801 108 811 98
0 845 203 855 193
0 882 269 892 259
0 852 328 862 318
0 819 305 829 295
0 872 391 882 381
0 954 304 964 294
0 988 240 998 230
0 1008 182 1018 172
0 965 489 975 479
0 991 488 1001 478
0 1022 490 1032 480
0 973 102 983 92
0 1032 132 1042 122
0 1028 350 1038 340
0 1065 404 1075 394
0 913 573 923 563
0 911 604 921 594
0 955 619 965 609
0 992 632 1002 622
0 903 670 913 660
0 901 691 911 681
0 901 774 911 764
0 786 680 796 670
0 768 669 778 659
0 768 709 778 699
0 752 708 762 698
0 616 702 626 692
0 700 461 710 451
0 697 506 707 496
0 663 543 673 533
0 647 421 657 411
0 669 438 679 428
0 622 410 632 400
0 599 349 609 339
0 597 318 607 308
0 544 321 554 311
0 571 356 581 346
0 557 402 567 392
0 563 595 573 585
0 532 638 542 628
0 513 684 523 674
0 494 722 504 712
0 472 748 482 738
0 445 730 455 720
0 471 773 481 763
0 698 653 708 643
0 468 583 478 573
0 480 563 490 553
0 482 465 492 455
0 461 451 471 441
0 422 481 432 471
0 451 506 461 496
0 335 471 345 461
0 316 509 326 499
0 264 492 274 482
0 249 456 259 446
0 223 468 233 458
0 224 501 234 491
0 266 611 276 601
0 301 625 311 615
0 169 469 179 459
0 180 423 190 413
0 290 374 300 364
0 653 783 663 773
