0 988 235 1000 219
0 1002 201 1012 187
0 946 311 958 295
0 873 390 885 374
0 960 487 970 473
0 839 323 851 307
0 818 308 828 294
0 841 223 851 209
0 878 263 888 249
0 699 656 709 642
0 901 771 911 757
0 650 779 660 765
0 465 780 475 766
0 440 734 450 720
0 464 749 476 733
0 534 636 544 622
0 654 541 666 525
0 688 514 700 498
0 694 467 706 451
0 649 437 661 421
0 555 406 567 390
0 557 359 567 345
0 547 320 557 306
0 561 137 573 121
0 526 84 538 68
0 545 23 555 9
0 429 69 439 55
0 357 79 367 65
0 424 28 434 14
0 287 82 299 66
0 287 220 297 206
0 191 194 201 180
0 375 247 387 231
0 277 378 289 362
0 335 468 345 454
0 310 516 320 502
0 165 469 175 455
0 169 445 179 431
0 289 619 299 605
0 468 593 480 577
0 474 567 486 551
0 589 335 599 321
