0 348 45 358 35
0 339 77 349 67
0 415 63 425 53
0 615 39 625 29
0 616 86 626 76
0 682 133 692 123
0 774 47 784 37
0 635 222 645 212
0 750 219 760 209
0 888 251 898 241
0 911 239 921 229
0 980 295 990 285
0 1001 304 1011 294
0 976 415 986 405
0 953 429 963 419
0 798 413 808 403
0 738 438 748 428
0 610 430 620 420
0 619 357 629 347
0 611 274 621 264
0 554 362 564 352
0 561 409 571 399
0 499 269 509 259
0 379 303 389 293
0 280 350 290 340
0 334 368 344 358
0 336 391 346 381
0 273 483 283 473
0 444 557 454 547
0 747 730 757 720
0 336 604 346 594
