0 411 57 421 47
0 361 71 371 61
0 579 85 589 75
0 656 56 666 46
0 572 147 582 137
0 594 165 604 155
0 599 268 609 258
0 554 356 564 346
0 440 334 450 324
0 398 349 408 339
0 333 292 343 282
0 321 261 331 251
0 317 245 327 235
0 290 213 300 203
0 377 570 387 560
0 347 562 357 552
0 406 504 416 494
0 757 296 767 286
0 783 270 793 260
0 833 247 843 237
0 877 201 887 191
0 905 146 915 136
0 1003 249 1013 239
0 1017 232 1027 222
0 1061 296 1071 286
0 1057 404 1067 394
0 987 522 997 512
0 950 516 960 506
0 965 691 975 681
0 905 621 915 611
0 823 685 833 675
0 784 662 794 652
0 782 519 792 509
0 788 485 798 475
0 744 513 754 503
0 757 469 767 459
0 778 416 788 406
0 703 318 713 308
0 684 319 694 309
0 657 302 667 292
0 616 473 626 463
0 588 445 598 435
0 547 497 557 487
0 573 503 583 493
