0 806 52 816 38
0 746 142 756 128
0 724 162 736 146
0 700 154 712 138
0 632 97 642 83
0 634 38 644 24
0 416 53 426 39
0 453 89 463 75
0 363 91 373 77
0 666 218 676 204
0 774 220 786 204
0 907 271 917 257
0 933 244 945 228
0 986 278 996 264
0 1030 330 1040 316
0 1011 412 1021 398
0 964 460 976 444
0 979 515 989 501
0 990 545 1000 531
0 1035 541 1047 525
0 1032 504 1042 490
0 961 669 971 655
0 909 684 921 668
0 829 623 839 609
0 841 593 853 577
0 867 506 877 492
0 868 473 878 459
0 746 716 758 700
0 822 417 834 401
0 748 445 758 431
0 800 493 810 479
0 639 434 649 420
0 645 367 657 351
0 580 346 590 332
0 581 419 591 405
0 632 472 644 456
0 580 495 590 481
0 617 272 629 256
0 578 271 588 257
0 552 272 562 258
0 529 274 539 260
0 600 619 612 603
0 635 636 645 622
0 667 698 677 684
0 612 708 622 694
0 513 784 523 770
0 459 722 471 706
0 477 561 489 545
0 474 432 484 418
0 467 406 479 390
0 366 389 376 375
0 373 187 383 173
0 348 197 358 183
0 303 182 313 168
0 270 174 282 158
0 256 109 266 95
0 299 350 309 336
0 355 354 365 340
0 383 291 393 277
0 261 204 271 190
0 282 249 292 235
0 282 215 292 201
0 374 426 384 412
0 362 447 374 431
0 337 490 347 476
0 323 492 333 478
0 273 491 283 477
0 282 394 292 380
0 262 401 272 387
0 153 382 165 366
0 218 633 230 617
0 319 640 329 626
0 319 628 329 614
0 348 596 358 582
0 374 577 386 561
