0 285 59 297 75
0 362 61 372 75
0 424 55 434 69
0 525 63 535 77
0 545 11 555 25
0 278 204 288 218
0 197 179 207 193
0 374 237 384 251
0 276 366 286 380
0 332 453 342 467
0 312 504 322 518
0 285 598 295 612
0 465 576 477 592
0 473 555 483 569
0 549 388 561 404
0 549 343 559 357
0 547 310 557 324
0 647 419 659 435
0 694 453 704 467
0 683 497 693 511
0 651 520 661 534
0 539 589 551 605
0 529 622 539 636
0 463 769 473 783
0 700 644 710 658
0 901 752 913 768
0 646 759 658 775
0 498 690 508 704
0 440 721 452 737
0 871 371 881 385
0 944 293 956 309
0 989 215 999 229
0 995 200 1007 216
0 843 216 853 230
0 874 245 884 259
0 954 471 966 487
