0 786 46 796 36
0 733 136 743 126
0 721 148 731 138
0 690 143 700 133
0 620 36 630 26
0 623 87 633 77
0 433 77 443 67
0 415 51 425 41
0 359 36 369 26
0 347 85 357 75
0 286 346 296 336
0 346 189 356 179
0 517 266 527 256
0 614 272 624 262
0 646 220 656 210
0 759 218 769 208
0 893 257 903 247
0 923 239 933 229
0 982 284 992 274
0 1014 311 1024 301
0 991 409 1001 399
0 958 441 968 431
0 1015 520 1025 510
0 811 408 821 398
0 743 440 753 430
0 630 359 640 349
0 567 353 577 343
0 570 410 580 400
0 622 430 632 420
0 610 463 620 453
0 580 487 590 477
0 377 298 387 288
0 343 360 353 350
0 347 385 357 375
0 276 486 286 476
0 341 598 351 588
0 461 558 471 548
0 492 765 502 755
0 459 734 469 724
0 751 722 761 712
0 918 675 928 665
