0 808 641 818 655
0 793 546 803 560
0 750 548 760 562
0 702 576 712 590
0 662 601 672 615
0 617 562 627 576
0 592 541 604 557
0 604 381 616 397
0 642 385 652 399
0 513 387 523 401
0 511 359 523 375
0 616 267 626 281
0 587 187 597 201
0 558 162 568 176
0 509 229 521 245
0 427 244 437 258
0 814 254 824 268
0 844 230 854 244
0 793 360 803 374
0 869 415 879 429
0 342 606 352 620
0 293 589 303 603
0 266 588 278 604
0 252 625 264 641
0 410 726 422 742
0 747 698 757 712
0 342 29 354 45
0 730 739 742 755
