0 889 269 901 285
0 891 237 901 251
0 798 266 810 282
0 799 353 809 367
0 900 423 910 437
0 1064 257 1076 273
0 1034 267 1046 283
0 874 449 884 463
0 847 475 859 491
0 893 481 903 495
0 865 531 875 545
0 874 501 886 517
0 914 490 924 504
0 797 541 809 557
0 796 570 806 584
0 805 588 815 602
0 832 653 842 667
0 733 676 745 692
0 958 693 968 707
0 979 657 989 671
0 1003 621 1015 637
0 762 537 772 551
0 667 614 677 628
0 714 580 724 594
0 613 569 623 583
0 617 435 627 449
0 594 404 604 418
0 592 373 604 389
0 667 371 677 385
0 620 268 630 282
0 603 194 613 208
0 501 227 511 241
0 528 339 538 353
0 501 336 513 352
0 478 335 490 351
0 520 388 530 402
0 489 518 501 534
0 270 287 280 301
0 270 264 282 280
0 320 277 332 293
0 324 297 334 311
0 317 242 327 256
0 295 220 307 236
0 513 673 523 687
0 517 649 527 663
0 488 658 498 672
0 483 724 493 738
0 401 720 411 734
0 255 623 265 637
0 256 593 268 609
0 293 574 303 588
0 314 643 324 657
0 378 614 388 628
0 497 566 507 580
0 540 559 550 573
0 447 136 459 152
0 514 117 526 133
0 477 146 489 162
0 431 74 443 90
0 407 66 419 82
0 357 52 369 68
0 751 168 763 184
0 732 185 742 199
0 710 143 722 159
0 727 124 739 140
0 821 39 833 55
0 894 19 906 35
0 830 202 842 218
0 722 733 732 747
0 426 248 436 262
0 426 711 436 725
0 440 707 452 723
