0 1002 201 1012 191
0 986 230 996 220
0 947 306 957 296
0 875 383 885 373
0 959 486 969 476
0 875 259 885 249
0 841 224 851 214
0 818 307 828 297
0 690 464 700 454
0 647 431 657 421
0 686 510 696 500
0 655 537 665 527
0 555 404 565 394
0 555 357 565 347
0 549 321 559 311
0 525 78 535 68
0 545 24 555 14
0 427 68 437 58
0 422 24 432 14
0 359 76 369 66
0 287 76 297 66
0 283 219 293 209
0 197 190 207 180
0 373 247 383 237
0 276 373 286 363
0 335 469 345 459
0 313 517 323 507
0 283 614 293 604
0 697 653 707 643
0 899 768 909 758
0 648 776 658 766
0 532 631 542 621
0 547 605 557 595
0 474 566 484 556
0 468 593 478 583
0 464 779 474 769
0 439 731 449 721
0 462 746 472 736
0 510 698 520 688
0 493 711 503 701
