0 790 34 800 48
0 625 24 637 40
0 626 78 636 92
0 696 134 706 148
0 718 138 730 154
0 736 124 748 140
0 762 205 774 221
0 651 204 661 218
0 614 258 626 274
0 635 349 645 363
0 573 337 583 351
0 569 397 581 413
0 519 254 529 268
0 438 69 448 83
0 413 39 423 53
0 362 19 374 35
0 352 73 362 87
0 291 164 301 178
0 343 179 353 193
0 362 174 372 188
0 380 285 390 299
0 346 343 356 357
0 289 335 299 349
0 354 372 366 388
0 276 473 286 487
0 355 418 367 434
0 466 546 476 560
0 341 582 353 598
0 463 717 473 731
0 500 758 510 772
0 647 684 659 700
0 747 707 757 721
0 619 689 631 705
0 616 453 628 469
0 578 476 590 492
0 628 417 638 431
0 744 429 754 443
0 815 398 825 412
0 958 432 970 448
0 999 399 1009 413
0 975 505 987 521
0 1018 519 1028 533
0 1021 495 1033 511
0 1018 303 1028 317
0 978 269 988 283
0 898 250 908 264
0 923 229 935 245
0 911 666 921 680
