0 610 767 622 751
0 714 679 726 663
0 795 568 807 552
0 886 528 896 514
0 943 445 953 431
0 1024 355 1036 339
0 1064 288 1076 272
0 661 526 671 512
0 641 530 653 514
0 446 594 458 578
0 366 606 376 592
0 498 489 508 475
0 462 461 472 447
0 551 478 563 462
0 543 449 553 435
0 442 339 454 323
0 305 441 315 427
0 178 288 188 274
0 161 413 173 397
0 398 176 410 160
0 451 186 463 170
0 494 109 506 93
0 506 148 518 132
0 697 162 707 148
0 734 261 744 247
0 797 211 807 197
0 982 633 992 619
0 1023 599 1033 585
0 1046 554 1056 540
0 895 424 907 408
0 910 413 920 399
0 847 787 857 773
