0 889 39 899 29
0 831 52 841 42
0 885 259 895 249
0 884 280 894 270
0 808 275 818 265
0 845 233 855 223
0 799 370 809 360
0 889 437 899 427
0 866 469 876 459
0 851 485 861 475
0 796 550 806 540
0 757 552 767 542
0 710 592 720 582
0 667 617 677 607
0 614 582 624 572
0 589 549 599 539
0 535 567 545 557
0 494 533 504 523
0 480 557 490 547
0 500 576 510 566
0 512 403 522 393
0 594 415 604 405
0 613 445 623 435
0 659 388 669 378
0 618 280 628 270
0 595 389 605 379
0 519 355 529 345
0 364 627 374 617
0 310 647 320 637
0 253 633 263 623
0 258 605 268 595
0 403 735 413 725
0 723 753 733 743
0 737 697 747 687
0 824 662 834 652
0 999 704 1009 694
0 981 675 991 665
0 594 207 604 197
0 558 173 568 163
0 515 141 525 131
0 480 155 490 145
0 354 54 364 44
0 507 240 517 230
0 427 263 437 253
0 296 241 306 231
0 1056 277 1066 267
0 1039 277 1049 267
