0 903 778 913 768
0 899 697 909 687
0 907 670 917 660
0 912 606 922 596
0 951 621 961 611
0 1006 637 1016 627
0 915 571 925 561
0 764 657 774 647
0 787 685 797 675
0 773 712 783 702
0 748 710 758 700
0 697 655 707 645
0 615 699 625 689
0 645 713 655 703
0 541 769 551 759
0 472 773 482 763
0 475 749 485 739
0 503 724 513 714
0 448 733 458 723
0 513 682 523 672
0 529 635 539 625
0 565 597 575 587
0 667 547 677 537
0 702 509 712 499
0 702 462 712 452
0 675 434 685 424
0 651 419 661 409
0 624 410 634 400
0 599 353 609 343
0 577 354 587 344
0 559 405 569 395
0 606 318 616 308
0 545 318 555 308
0 464 327 474 317
0 451 306 461 296
0 504 258 514 248
0 512 237 522 227
0 672 183 682 173
0 690 192 700 182
0 588 153 598 143
0 1068 575 1078 565
0 1030 488 1040 478
0 995 490 1005 480
0 968 491 978 481
0 871 392 881 382
0 859 334 869 324
0 820 304 830 294
0 881 273 891 263
0 958 300 968 290
0 990 247 1000 237
0 1007 179 1017 169
0 1024 133 1034 123
0 989 117 999 107
0 1033 350 1043 340
0 1011 340 1021 330
0 1080 414 1090 404
0 1063 410 1073 400
0 969 96 979 86
0 918 73 928 63
0 927 46 937 36
0 846 200 856 190
0 798 100 808 90
0 548 129 558 119
0 520 89 530 79
0 552 26 562 16
0 443 64 453 54
0 411 76 421 66
0 400 77 410 67
0 420 27 430 17
0 379 27 389 17
0 361 85 371 75
0 300 93 310 83
0 414 144 424 134
0 407 161 417 151
0 385 234 395 224
0 369 270 379 260
0 360 290 370 280
0 297 224 307 214
0 293 376 303 366
0 335 469 345 459
0 319 510 329 500
0 265 493 275 483
0 254 454 264 444
0 221 462 231 452
0 228 501 238 491
0 169 470 179 460
0 247 596 257 586
0 268 609 278 599
0 303 632 313 622
0 257 682 267 672
0 281 685 291 675
0 182 422 192 412
0 468 581 478 571
0 394 532 404 522
0 422 481 432 471
0 490 465 500 455
0 462 454 472 444
0 558 464 568 454
0 457 668 467 658
0 442 584 452 574
