0 257 85 269 101
0 274 93 284 107
0 303 82 313 96
0 360 76 372 92
0 395 71 405 85
0 415 68 425 82
0 384 19 394 33
0 415 19 427 35
0 448 53 458 67
0 516 78 526 92
0 558 15 568 29
0 545 120 555 134
0 589 141 601 157
0 680 21 690 35
0 796 85 806 99
0 818 110 828 124
0 911 70 923 86
0 930 36 940 50
0 911 105 921 119
0 923 104 933 118
0 969 82 981 98
0 995 112 1005 126
0 1026 128 1036 142
0 1009 164 1019 178
0 935 152 945 166
0 936 174 948 190
0 989 241 1001 257
0 1004 210 1016 226
0 847 189 859 205
0 880 265 892 281
0 959 288 971 304
0 868 324 878 338
0 823 293 833 307
0 807 310 817 324
0 777 276 787 290
0 871 383 883 399
0 915 429 925 443
0 1014 331 1026 347
0 1039 341 1051 357
0 1084 406 1094 420
0 1061 402 1073 418
0 1052 380 1062 394
0 1041 480 1051 494
0 995 482 1005 496
0 970 485 982 501
0 1067 564 1077 578
0 950 608 960 622
0 1017 628 1027 642
0 918 558 930 574
0 908 593 918 607
0 914 659 924 673
0 901 692 911 706
0 906 770 918 786
0 865 713 877 729
0 788 680 798 694
0 763 634 775 650
0 776 708 786 722
0 748 700 760 716
0 700 645 710 659
0 654 699 664 713
0 610 690 620 704
0 706 500 718 516
0 668 535 680 551
0 701 453 713 469
0 683 424 693 438
0 654 408 664 422
0 627 401 639 417
0 596 346 608 362
0 614 309 626 325
0 586 286 598 302
0 576 340 588 356
0 544 307 554 321
0 674 167 684 181
0 694 185 704 199
0 515 226 525 240
0 500 254 512 270
0 425 126 435 140
0 405 156 415 170
0 387 223 399 239
0 367 255 377 269
0 362 287 374 303
0 301 210 313 226
0 236 260 248 276
0 218 261 230 277
0 168 275 178 289
0 160 255 172 271
0 264 316 274 330
0 296 365 306 379
0 204 402 214 416
0 220 398 230 412
0 213 445 223 459
0 259 441 269 455
0 269 487 279 501
0 229 494 239 508
0 170 461 180 475
0 169 480 181 496
0 320 497 332 513
0 336 452 346 466
0 465 324 475 338
0 453 293 463 307
0 554 396 564 410
0 495 456 505 470
0 461 443 471 457
0 532 466 544 482
0 552 439 562 453
0 420 476 430 490
0 448 469 458 483
0 463 502 473 516
0 394 518 406 534
0 443 572 453 586
0 422 579 434 595
0 463 569 473 583
0 491 551 501 565
0 515 578 525 592
0 509 593 519 607
0 573 586 585 602
0 532 627 542 641
0 509 671 521 687
0 509 716 519 730
0 479 737 489 751
0 470 766 480 780
0 449 720 461 736
0 457 671 467 685
0 462 651 472 665
0 245 584 255 598
0 309 621 319 635
0 287 665 299 681
0 261 668 271 682
0 428 765 440 781
0 271 599 281 613
