0 724 388 734 402
0 735 361 745 375
0 706 309 716 323
0 732 286 742 300
0 745 255 755 269
0 1000 249 1010 263
0 969 155 981 171
0 929 65 939 79
0 914 67 924 81
0 809 193 819 207
0 814 123 824 137
0 754 108 766 124
0 654 224 664 238
0 626 219 636 233
0 582 211 594 227
0 592 50 604 66
0 560 45 572 61
0 525 46 537 62
0 436 43 448 59
0 330 65 342 81
0 247 229 257 243
0 368 357 378 371
0 404 397 416 413
0 441 378 453 394
0 445 322 455 336
0 488 308 498 322
0 538 313 550 329
0 630 346 642 362
0 684 503 694 517
0 647 529 659 545
0 498 544 508 558
0 413 604 425 620
0 303 563 313 577
0 246 578 256 592
0 300 637 312 653
0 411 714 423 730
0 481 656 493 672
0 519 626 529 640
0 710 638 720 652
0 751 595 761 609
0 898 530 908 544
0 852 405 862 419
0 787 755 797 769
