0 908 586 920 602
0 909 566 919 580
0 963 477 973 491
0 871 374 883 390
0 950 295 962 311
0 988 221 998 235
0 1005 180 1017 196
0 846 310 856 324
0 819 294 829 308
0 880 253 892 269
0 840 201 850 215
0 572 133 582 147
0 549 113 561 129
0 526 69 536 83
0 549 12 559 26
0 434 52 444 66
0 421 15 431 29
0 360 66 370 80
0 289 70 301 86
0 288 208 298 222
0 189 179 201 195
0 377 231 389 247
0 280 361 290 375
0 170 425 180 439
0 165 455 177 471
0 229 485 239 499
0 258 479 270 495
0 335 453 345 467
0 313 500 323 514
0 290 608 302 624
0 265 598 277 614
0 250 589 260 603
0 439 720 451 736
0 465 762 475 776
0 543 307 553 321
0 587 307 599 323
0 594 332 604 346
0 562 346 572 360
0 557 390 567 404
0 655 422 665 436
0 631 406 643 422
0 699 450 711 466
0 691 498 701 512
0 656 528 668 544
0 695 639 705 653
0 532 623 544 639
0 555 589 565 603
0 477 552 487 566
0 469 576 479 590
0 653 765 663 779
0 899 754 911 770
0 512 678 522 692
0 491 700 503 716
