0 902 765 914 781
0 899 685 909 699
0 906 657 918 673
0 912 594 922 608
0 950 608 962 624
0 1006 625 1016 639
0 914 558 926 574
0 764 645 774 659
0 787 673 797 687
0 773 700 783 714
0 748 698 758 712
0 696 642 708 658
0 614 686 626 702
0 644 700 656 716
0 540 756 552 772
0 471 760 483 776
0 475 737 485 751
0 502 711 514 727
0 447 720 459 736
0 513 670 523 684
0 529 623 539 637
0 565 585 575 599
0 667 535 677 549
0 702 497 712 511
0 702 450 712 464
0 675 422 685 436
0 650 406 662 422
0 624 398 634 412
0 598 340 610 356
0 577 342 587 356
0 559 393 569 407
0 606 306 616 320
0 544 305 556 321
0 464 315 474 329
0 451 294 461 308
0 504 246 514 260
0 512 225 522 239
0 672 171 682 185
0 690 180 700 194
0 587 140 599 156
0 1067 562 1079 578
0 1030 476 1040 490
0 995 478 1005 492
0 968 479 978 493
0 870 379 882 395
0 858 321 870 337
0 820 292 830 306
0 880 260 892 276
0 958 288 968 302
0 990 235 1000 249
0 1006 166 1018 182
0 1024 121 1034 135
0 988 104 1000 120
0 1033 338 1043 352
0 1011 328 1021 342
0 1080 402 1090 416
0 1063 398 1073 412
0 969 84 979 98
0 918 61 928 75
0 927 34 937 48
0 845 187 857 203
0 798 88 808 102
0 548 117 558 131
0 519 76 531 92
0 551 13 563 29
0 442 51 454 67
0 411 64 421 78
0 399 64 411 80
0 419 14 431 30
0 378 14 390 30
0 361 73 371 87
0 300 81 310 95
0 413 131 425 147
0 407 149 417 163
0 385 222 395 236
0 368 257 380 273
0 360 278 370 292
0 297 212 307 226
0 292 363 304 379
0 335 457 345 471
0 319 498 329 512
0 265 481 275 495
0 253 441 265 457
0 221 450 231 464
0 228 489 238 503
0 169 458 179 472
0 246 583 258 599
0 268 597 278 611
0 303 620 313 634
0 256 669 268 685
0 281 673 291 687
0 181 409 193 425
0 468 569 478 583
0 394 520 404 534
0 422 469 432 483
0 490 453 500 467
0 461 441 473 457
0 558 452 568 466
0 457 656 467 670
0 442 572 452 586
