0 761 333 771 347
0 773 311 783 325
0 836 332 846 346
0 798 356 808 370
0 812 398 822 412
0 840 422 852 438
0 723 412 735 428
0 659 502 671 518
0 573 552 583 566
0 571 533 583 549
0 533 452 545 468
0 526 414 536 428
0 536 371 548 387
0 518 347 528 361
0 632 324 642 338
0 561 252 571 266
0 554 154 564 168
0 554 80 564 94
0 637 219 647 233
0 458 223 470 239
0 424 75 434 89
0 329 338 339 352
0 305 249 317 265
0 278 398 288 412
0 271 434 281 448
0 330 562 340 576
0 561 754 571 768
0 721 747 731 761
0 780 753 790 767
0 752 755 762 769
0 960 382 972 398
0 1025 368 1035 382
0 920 271 932 287
0 876 190 886 204
0 1028 225 1038 239
0 967 618 979 634
0 963 597 975 613
