0 806 50 816 40
0 746 140 756 130
0 725 159 735 149
0 701 151 711 141
0 632 95 642 85
0 634 36 644 26
0 416 51 426 41
0 453 87 463 77
0 363 89 373 79
0 666 216 676 206
0 775 217 785 207
0 907 269 917 259
0 934 241 944 231
0 986 276 996 266
0 1030 328 1040 318
0 1011 410 1021 400
0 965 457 975 447
0 979 513 989 503
0 990 543 1000 533
0 1036 538 1046 528
0 1032 502 1042 492
0 961 667 971 657
0 910 681 920 671
0 829 621 839 611
0 842 590 852 580
0 867 504 877 494
0 868 471 878 461
0 747 713 757 703
0 823 414 833 404
0 748 443 758 433
0 800 491 810 481
0 639 432 649 422
0 646 364 656 354
0 580 344 590 334
0 581 417 591 407
0 633 469 643 459
0 580 493 590 483
0 618 269 628 259
0 578 269 588 259
0 552 270 562 260
0 529 272 539 262
0 601 616 611 606
0 635 634 645 624
0 667 696 677 686
0 612 706 622 696
0 513 782 523 772
0 460 719 470 709
0 478 558 488 548
0 474 430 484 420
0 468 403 478 393
0 366 387 376 377
0 373 185 383 175
0 348 195 358 185
0 303 180 313 170
0 271 171 281 161
0 256 107 266 97
0 299 348 309 338
0 355 352 365 342
0 383 289 393 279
0 261 202 271 192
0 282 247 292 237
0 282 213 292 203
0 374 424 384 414
0 363 444 373 434
0 337 488 347 478
0 323 490 333 480
0 273 489 283 479
0 282 392 292 382
0 262 399 272 389
0 154 379 164 369
0 219 630 229 620
0 319 638 329 628
0 319 626 329 616
0 348 594 358 584
0 375 574 385 564
