0 879 130 889 144
0 866 193 878 209
0 915 279 925 293
0 1022 225 1032 239
0 1052 186 1062 200
0 1034 363 1046 379
0 956 385 966 399
0 995 448 1005 462
0 1067 306 1077 320
0 1057 283 1069 299
0 847 333 857 347
0 763 306 775 322
0 749 335 759 349
0 794 357 806 373
0 859 427 869 441
0 725 405 737 421
0 801 397 813 413
0 657 505 667 519
0 784 631 794 645
0 805 664 815 678
0 778 748 790 764
0 717 750 729 766
0 753 760 763 774
0 823 736 835 752
0 955 643 965 657
0 964 590 976 606
0 623 340 633 354
0 634 216 644 230
0 716 132 726 146
0 711 154 723 170
0 554 70 564 84
0 519 340 529 354
0 535 378 545 392
0 518 409 528 423
0 524 457 534 471
0 571 551 581 565
0 323 569 333 583
0 269 441 281 457
0 270 390 280 404
0 333 340 343 354
0 305 247 315 261
0 457 225 469 241
0 427 79 437 93
0 394 18 404 32
0 365 31 377 47
0 342 33 352 47
0 451 754 463 770
0 263 666 273 680
0 303 671 313 685
0 208 569 218 583
0 190 574 200 588
0 261 190 273 206
0 271 164 281 178
0 556 251 566 265
0 558 736 568 750
