0 411 45 421 59
0 361 59 371 73
0 579 73 589 87
0 655 43 667 59
0 572 135 582 149
0 594 153 604 167
0 599 256 609 270
0 554 344 564 358
0 439 321 451 337
0 398 337 408 351
0 332 279 344 295
0 320 248 332 264
0 317 233 327 247
0 290 201 300 215
0 377 558 387 572
0 346 549 358 565
0 406 492 416 506
0 757 284 767 298
0 783 258 793 272
0 833 235 843 249
0 877 189 887 203
0 905 134 915 148
0 1003 237 1013 251
0 1017 220 1027 234
0 1060 283 1072 299
0 1057 392 1067 406
0 986 509 998 525
0 949 503 961 519
0 965 679 975 693
0 905 609 915 623
0 823 673 833 687
0 784 650 794 664
0 782 507 792 521
0 788 473 798 487
0 744 501 754 515
0 756 456 768 472
0 777 403 789 419
0 703 306 713 320
0 683 306 695 322
0 657 290 667 304
0 616 461 626 475
0 587 432 599 448
0 547 485 557 499
0 573 491 583 505
