0 367 628 379 612
0 342 604 352 590
0 512 537 524 521
0 566 585 576 571
0 555 465 567 449
0 537 432 547 418
0 584 437 594 423
0 578 415 588 401
0 535 237 545 223
0 468 180 478 166
0 331 171 343 155
0 683 165 693 151
0 733 229 743 215
0 701 234 711 220
0 810 183 820 169
0 825 325 835 311
0 770 353 780 339
0 830 398 842 382
0 853 349 863 335
0 874 369 886 353
0 923 335 933 321
0 964 313 974 299
0 900 496 912 480
0 947 508 957 494
0 977 514 987 500
0 1013 466 1025 450
0 938 546 948 532
0 863 582 873 568
0 912 633 922 619
0 951 566 961 552
0 1041 629 1053 613
0 1085 538 1095 524
0 413 37 423 23
