0 611 764 621 754
0 715 676 725 666
0 796 565 806 555
0 886 526 896 516
0 943 443 953 433
0 1025 352 1035 342
0 1065 285 1075 275
0 661 524 671 514
0 642 527 652 517
0 447 591 457 581
0 366 604 376 594
0 498 487 508 477
0 462 459 472 449
0 552 475 562 465
0 543 447 553 437
0 443 336 453 326
0 305 439 315 429
0 178 286 188 276
0 162 410 172 400
0 399 173 409 163
0 452 183 462 173
0 495 106 505 96
0 507 145 517 135
0 697 160 707 150
0 734 259 744 249
0 797 209 807 199
0 982 631 992 621
0 1023 597 1033 587
0 1046 552 1056 542
0 896 421 906 411
0 910 411 920 401
0 847 785 857 775
