0 788 761 800 745
0 708 666 720 650
0 758 607 768 593
0 903 548 915 532
0 849 406 861 390
0 696 514 706 500
0 653 553 665 537
0 532 644 542 630
0 483 676 493 662
0 582 708 592 694
0 560 726 570 712
0 414 725 424 711
0 415 623 425 609
0 500 558 510 544
0 555 528 567 512
0 561 505 571 491
0 292 654 302 640
0 193 585 203 571
0 219 595 229 581
0 254 596 264 582
0 324 565 336 549
0 410 421 422 405
0 445 391 455 377
0 365 377 375 363
0 442 333 454 317
0 490 326 500 312
0 548 325 558 311
0 629 362 641 346
0 722 409 732 395
0 736 373 746 359
0 713 326 725 310
0 735 310 747 294
0 756 265 766 251
0 790 305 800 291
0 790 292 800 278
0 808 228 818 214
0 812 195 822 181
0 761 195 771 181
0 768 221 778 207
0 662 240 672 226
0 624 236 634 222
0 587 234 599 218
0 598 66 608 52
0 567 60 577 46
0 524 68 536 52
0 444 61 454 47
0 318 82 330 66
0 382 134 394 118
0 366 125 376 111
0 248 242 258 228
0 755 120 767 104
0 815 142 827 126
0 903 84 913 70
0 936 78 946 64
0 964 168 976 152
0 1007 280 1019 264
0 974 231 984 217
0 751 719 761 705
0 732 724 742 710
