0 790 46 800 36
0 626 37 636 27
0 626 90 636 80
0 696 146 706 136
0 719 151 729 141
0 737 137 747 127
0 763 218 773 208
0 651 216 661 206
0 615 271 625 261
0 635 361 645 351
0 573 349 583 339
0 570 410 580 400
0 519 266 529 256
0 438 81 448 71
0 413 51 423 41
0 363 32 373 22
0 352 85 362 75
0 291 176 301 166
0 343 191 353 181
0 362 186 372 176
0 380 297 390 287
0 346 355 356 345
0 289 347 299 337
0 355 385 365 375
0 276 485 286 475
0 356 431 366 421
0 466 558 476 548
0 342 595 352 585
0 463 729 473 719
0 500 770 510 760
0 648 697 658 687
0 747 719 757 709
0 620 702 630 692
0 617 466 627 456
0 579 489 589 479
0 628 429 638 419
0 744 441 754 431
0 815 410 825 400
0 959 445 969 435
0 999 411 1009 401
0 976 518 986 508
0 1018 531 1028 521
0 1022 508 1032 498
0 1018 315 1028 305
0 978 281 988 271
0 898 262 908 252
0 924 242 934 232
0 911 678 921 668
