0 968 386 978 376
0 1011 386 1021 376
0 925 282 935 272
0 887 196 897 186
0 889 152 899 142
0 1025 238 1035 228
0 811 361 821 351
0 830 343 840 333
0 723 429 733 419
0 663 513 673 503
0 532 464 542 454
0 529 433 539 423
0 524 401 534 391
0 536 380 546 370
0 456 237 466 227
0 630 326 640 316
0 644 234 654 224
0 556 106 566 96
0 552 162 562 152
0 275 441 285 431
0 279 421 289 411
0 327 345 337 335
0 307 272 317 262
0 333 581 343 571
0 725 758 735 748
0 753 766 763 756
0 781 765 791 755
0 420 96 430 86
0 342 43 352 33
