0 617 588 629 572
0 666 598 676 584
0 701 701 711 687
0 795 727 805 713
0 811 700 821 686
0 885 714 895 700
0 914 716 924 702
0 951 719 961 705
0 815 570 825 556
0 701 555 713 539
0 434 760 444 746
0 353 630 365 614
0 419 268 431 252
0 450 438 462 422
0 623 299 635 283
0 640 253 650 239
0 640 233 650 219
0 727 220 737 206
0 646 140 656 126
0 607 69 617 55
0 559 115 569 101
0 636 112 646 98
0 546 26 558 10
0 516 28 528 12
0 944 443 954 429
0 984 519 994 505
0 982 536 992 522
0 981 581 991 567
0 888 321 898 307
0 829 235 839 221
0 867 188 877 174
0 849 209 861 193
0 875 267 885 253
0 317 241 327 227
0 309 188 319 174
