0 954 485 964 475
0 869 387 879 377
0 942 305 952 295
0 869 256 879 246
0 846 233 856 223
0 691 467 701 457
0 645 431 655 421
0 678 509 688 499
0 652 531 662 521
0 698 658 708 648
0 900 759 910 749
0 646 772 656 762
0 528 630 538 620
0 539 608 549 598
0 546 399 556 389
0 547 352 557 342
0 548 326 558 316
0 525 73 535 63
0 542 25 552 15
0 420 67 430 57
0 362 73 372 63
0 413 22 423 12
0 284 70 294 60
0 270 216 280 206
0 200 194 210 184
0 370 250 380 240
0 269 378 279 368
0 330 466 340 456
0 309 519 319 509
0 284 608 294 598
0 464 590 474 580
0 474 568 484 558
