0 724 400 734 390
0 735 373 745 363
0 706 321 716 311
0 732 298 742 288
0 745 267 755 257
0 1000 261 1010 251
0 970 168 980 158
0 929 77 939 67
0 914 79 924 69
0 809 205 819 195
0 814 135 824 125
0 755 121 765 111
0 654 236 664 226
0 626 231 636 221
0 583 224 593 214
0 593 63 603 53
0 561 58 571 48
0 526 59 536 49
0 437 56 447 46
0 331 78 341 68
0 247 241 257 231
0 368 369 378 359
0 405 410 415 400
0 442 391 452 381
0 445 334 455 324
0 488 320 498 310
0 539 326 549 316
0 631 359 641 349
0 684 515 694 505
0 648 542 658 532
0 498 556 508 546
0 414 617 424 607
0 303 575 313 565
0 246 590 256 580
0 301 650 311 640
0 412 727 422 717
0 482 669 492 659
0 519 638 529 628
0 710 650 720 640
0 751 607 761 597
0 898 542 908 532
0 852 417 862 407
0 787 767 797 757
