0 808 103 818 93
0 809 132 819 122
0 817 159 827 149
0 744 216 754 206
0 706 232 716 222
0 680 144 690 134
0 659 111 669 101
0 517 69 527 59
0 475 79 485 69
0 393 43 403 33
0 469 170 479 160
0 378 88 388 78
0 364 107 374 97
0 346 159 356 149
0 418 171 428 161
0 548 234 558 224
0 584 281 594 271
0 617 305 627 295
0 658 292 668 282
0 681 320 691 310
0 612 406 622 396
0 571 411 581 401
0 537 425 547 415
0 608 446 618 436
0 567 467 577 457
0 344 425 354 415
0 321 436 331 426
0 305 455 315 445
0 276 485 286 475
0 271 349 281 339
0 257 345 267 335
0 235 257 245 247
0 290 229 300 219
0 323 590 333 580
0 378 597 388 587
0 439 569 449 559
0 519 648 529 638
0 485 656 495 646
0 669 759 679 749
0 637 752 647 742
0 635 788 645 778
0 667 786 677 776
0 702 634 712 624
0 697 593 707 583
0 734 625 744 615
0 760 580 770 570
0 785 558 795 548
0 723 474 733 464
0 721 438 731 428
0 768 447 778 437
0 755 493 765 483
0 743 392 753 382
0 741 371 751 361
0 770 334 780 324
0 837 386 847 376
0 872 396 882 386
0 879 364 889 354
0 858 329 868 319
0 830 294 840 284
0 900 285 910 275
0 898 264 908 254
0 915 316 925 306
0 924 141 934 131
0 964 173 974 163
0 987 215 997 205
0 1020 251 1030 241
0 996 277 1006 267
0 995 308 1005 298
0 987 328 997 318
0 921 452 931 442
0 962 476 972 466
0 964 517 974 507
0 868 570 878 560
0 582 578 592 568
0 555 565 565 555
0 926 632 936 622
0 976 606 986 596
0 1002 643 1012 633
0 1019 609 1029 599
0 977 655 987 645
0 987 547 997 537
0 1004 535 1014 525
0 1004 519 1014 509
0 1005 501 1015 491
0 1018 474 1028 464
0 1021 439 1031 429
0 1028 399 1038 389
0 1072 438 1082 428
0 1077 404 1087 394
0 1027 641 1037 631
0 881 728 891 718
0 920 759 930 749
0 445 452 455 442
0 234 561 244 551
0 227 582 237 572
0 224 615 234 605
0 243 660 253 650
0 256 417 266 407
0 225 445 235 435
0 347 42 357 32
