0 890 282 900 272
0 891 249 901 239
0 799 279 809 269
0 799 365 809 355
0 900 435 910 425
0 1065 270 1075 260
0 1035 280 1045 270
0 874 461 884 451
0 848 488 858 478
0 893 493 903 483
0 865 543 875 533
0 875 514 885 504
0 914 502 924 492
0 798 554 808 544
0 796 582 806 572
0 805 600 815 590
0 832 665 842 655
0 734 689 744 679
0 958 705 968 695
0 979 669 989 659
0 1004 634 1014 624
0 762 549 772 539
0 667 626 677 616
0 714 592 724 582
0 613 581 623 571
0 617 447 627 437
0 594 416 604 406
0 593 386 603 376
0 667 383 677 373
0 620 280 630 270
0 603 206 613 196
0 501 239 511 229
0 528 351 538 341
0 502 349 512 339
0 479 348 489 338
0 520 400 530 390
0 490 531 500 521
0 270 299 280 289
0 271 277 281 267
0 321 290 331 280
0 324 309 334 299
0 317 254 327 244
0 296 233 306 223
0 513 685 523 675
0 517 661 527 651
0 488 670 498 660
0 483 736 493 726
0 401 732 411 722
0 255 635 265 625
0 257 606 267 596
0 293 586 303 576
0 314 655 324 645
0 378 626 388 616
0 497 578 507 568
0 540 571 550 561
0 448 149 458 139
0 515 130 525 120
0 478 159 488 149
0 432 87 442 77
0 408 79 418 69
0 358 65 368 55
0 752 181 762 171
0 732 197 742 187
0 711 156 721 146
0 728 137 738 127
0 822 52 832 42
0 895 32 905 22
0 831 215 841 205
0 722 745 732 735
0 426 260 436 250
0 426 723 436 713
0 441 720 451 710
