0 549 420 561 436
0 556 470 566 484
0 564 498 576 514
0 597 507 607 521
0 639 510 649 524
0 671 506 681 520
0 723 330 733 344
0 739 290 749 304
0 451 327 461 341
0 460 442 470 456
0 527 534 537 548
0 502 470 512 484
0 478 586 488 600
0 443 566 453 580
0 373 578 385 594
0 318 552 328 566
0 289 658 299 672
0 285 642 295 656
0 324 674 334 688
0 357 676 369 692
0 285 425 297 441
0 287 496 299 512
0 327 416 339 432
0 299 349 309 363
0 355 322 367 338
0 330 295 340 309
0 227 168 237 182
0 393 167 403 181
0 448 77 458 91
0 470 72 480 86
0 529 182 539 196
0 557 185 569 201
0 559 75 569 89
0 623 90 633 104
0 650 117 660 131
0 706 146 718 162
0 760 94 770 108
0 790 174 802 190
0 792 205 802 219
0 735 242 745 256
0 452 162 462 176
0 981 623 993 639
0 1022 578 1032 592
0 1059 522 1071 538
0 942 426 954 442
0 1026 334 1038 350
0 544 552 554 566
0 799 545 809 559
0 813 537 823 551
0 890 506 900 520
0 682 695 692 709
0 614 745 626 761
0 719 654 731 670
