0 370 17 380 31
0 417 40 427 54
0 457 79 467 93
0 361 75 373 91
0 258 95 268 109
0 271 158 281 172
0 259 185 269 199
0 289 202 299 216
0 308 172 318 186
0 346 183 358 199
0 377 173 387 187
0 430 169 440 183
0 447 169 457 183
0 533 264 543 278
0 559 258 569 272
0 587 253 597 267
0 617 254 627 268
0 635 85 645 99
0 638 26 648 40
0 695 8 707 24
0 705 53 717 69
0 706 141 716 155
0 814 40 824 54
0 729 150 739 164
0 750 131 760 145
0 671 203 681 217
0 778 202 788 216
0 289 234 301 250
0 271 238 283 254
0 301 336 311 350
0 359 338 369 352
0 384 277 396 293
0 587 329 597 343
0 653 353 663 367
0 641 421 651 435
0 590 409 600 423
0 583 484 593 498
0 637 455 647 469
0 746 434 756 448
0 824 398 836 414
0 781 462 793 478
0 811 482 821 496
0 869 494 881 510
0 879 461 889 475
0 965 453 977 469
0 1016 396 1026 410
0 1035 489 1045 503
0 979 499 991 515
0 986 536 996 550
0 1039 526 1051 542
0 988 263 998 277
0 936 232 946 246
0 907 262 917 276
0 909 307 921 323
0 845 571 857 587
0 832 613 844 629
0 907 671 917 685
0 969 659 979 673
0 748 698 760 714
0 675 684 687 700
0 613 698 623 712
0 645 618 655 632
0 601 601 613 617
0 725 520 735 534
0 701 536 711 550
0 481 418 491 432
0 469 388 479 402
0 375 373 387 389
0 378 411 388 425
0 365 433 377 449
0 347 474 357 488
0 324 480 334 494
0 288 376 298 390
0 264 386 274 400
0 160 360 170 374
0 219 426 231 442
0 227 413 237 427
0 482 546 494 562
0 458 704 468 718
0 515 777 525 791
0 384 559 394 573
0 367 565 377 579
0 347 581 357 595
0 321 608 331 622
0 323 626 335 642
0 296 635 306 649
0 291 616 301 630
0 228 617 238 631
