0 987 502 997 492
0 1015 454 1025 444
0 959 559 969 549
0 942 534 952 524
0 952 497 962 487
0 903 479 913 469
0 963 629 973 619
0 921 626 931 616
0 860 576 870 566
0 855 400 865 390
0 834 389 844 379
0 878 362 888 352
0 855 340 865 330
0 769 344 779 334
0 829 315 839 305
0 924 326 934 316
0 974 303 984 293
0 1011 258 1021 248
0 991 236 1001 226
0 812 172 822 162
0 736 219 746 209
0 706 234 716 224
0 685 156 695 146
0 471 173 481 163
0 542 238 552 228
0 340 161 350 151
0 296 203 306 193
0 586 408 596 398
0 543 426 553 416
0 585 442 595 432
0 559 463 569 453
0 510 521 520 511
0 569 578 579 568
0 373 625 383 615
0 334 592 344 582
0 687 634 697 624
0 680 617 690 607
