0 801 39 811 53
0 744 130 754 144
0 723 143 735 159
0 698 138 708 152
0 629 78 641 94
0 631 24 641 38
0 689 4 699 18
0 447 70 457 84
0 413 36 425 52
0 367 19 377 33
0 355 73 365 87
0 250 99 260 113
0 298 165 310 181
0 274 159 284 173
0 347 180 359 196
0 368 173 380 189
0 524 256 534 270
0 551 257 561 271
0 570 258 582 274
0 614 257 626 273
0 657 204 669 220
0 768 208 778 222
0 903 253 913 267
0 932 227 942 241
0 982 269 994 285
0 1022 308 1034 324
0 1004 398 1014 412
0 964 439 976 455
0 975 501 985 515
0 986 520 998 536
0 1026 523 1038 539
0 1028 490 1040 506
0 859 489 871 505
0 861 465 871 479
0 819 397 829 411
0 748 430 758 444
0 837 586 847 600
0 828 604 838 618
0 913 667 923 681
0 955 654 965 668
0 746 704 756 718
0 658 684 668 698
0 615 691 627 707
0 627 617 637 631
0 601 607 611 621
0 626 455 636 469
0 635 420 645 434
0 641 350 653 366
0 577 333 587 347
0 577 401 587 415
0 578 477 590 493
0 472 547 482 561
0 461 711 471 725
0 506 760 516 774
0 469 413 481 429
0 462 392 474 408
0 361 430 371 444
0 370 413 382 429
0 275 473 287 489
0 347 581 357 595
0 293 332 305 348
0 353 340 365 356
0 360 372 370 386
0 384 281 396 297
