0 292 209 302 223
0 186 177 198 193
0 295 72 307 88
0 361 67 371 81
0 435 52 445 66
0 523 67 535 83
0 580 137 590 151
0 551 113 561 127
0 550 9 562 25
0 382 229 392 243
0 543 307 553 321
0 589 307 599 321
0 596 338 606 352
0 564 346 574 360
0 556 390 568 406
0 624 400 634 414
0 642 410 652 424
0 662 426 672 440
0 700 450 710 464
0 692 499 702 513
0 658 530 668 544
0 559 586 571 602
0 531 624 541 638
0 511 673 523 689
0 492 709 502 723
0 467 736 477 750
0 440 723 450 737
0 466 764 476 778
0 652 767 662 781
0 698 640 708 654
0 901 760 911 774
0 960 608 970 622
0 913 565 923 579
0 913 593 923 607
0 1073 556 1083 570
0 967 477 977 491
0 869 376 879 390
0 951 292 963 308
0 983 223 995 239
0 1006 178 1016 192
0 880 254 890 268
0 849 314 859 328
0 817 291 827 305
0 841 197 851 211
0 478 553 490 569
0 466 573 478 589
0 476 451 486 465
0 337 455 347 469
0 315 497 325 511
0 261 478 271 492
0 228 486 238 500
0 227 453 239 469
0 245 446 257 462
0 166 456 176 470
0 173 413 185 429
0 248 583 260 599
0 295 611 305 625
0 265 596 275 610
0 993 475 1003 489
