0 935 233 947 249
0 910 263 920 277
0 910 302 920 316
0 914 324 926 340
0 995 264 1005 278
0 1067 293 1079 309
0 1037 324 1049 340
0 1024 396 1034 410
0 962 456 974 472
0 985 502 995 516
0 1041 492 1051 506
0 1046 532 1056 546
0 985 547 995 561
0 877 504 887 518
0 887 461 897 475
0 821 484 831 498
0 786 461 798 477
0 810 448 822 464
0 847 571 859 587
0 975 660 987 676
0 966 622 976 636
0 907 674 919 690
0 873 632 883 646
0 834 616 844 630
0 857 622 867 636
0 797 591 807 605
0 751 696 761 710
0 687 688 697 702
0 609 699 619 713
0 653 618 663 632
0 599 601 611 617
0 702 542 712 556
0 732 528 742 542
0 715 505 725 519
0 744 435 756 451
0 830 404 840 418
0 647 424 657 438
0 660 356 670 370
0 591 329 601 343
0 597 408 607 422
0 645 455 655 469
0 612 475 622 489
0 583 486 593 500
0 527 499 537 513
0 514 512 524 526
0 483 549 495 565
0 391 560 401 574
0 368 563 378 577
0 345 578 357 594
0 321 605 333 621
0 291 613 301 627
0 300 642 310 656
0 460 700 472 716
0 236 621 246 635
0 349 474 361 490
0 323 484 335 500
0 272 475 282 489
0 221 497 231 511
0 212 482 224 498
0 226 428 236 442
0 231 413 241 427
0 171 399 181 413
0 166 356 176 370
0 259 339 269 353
0 236 327 248 343
0 267 384 277 398
0 295 377 307 393
0 305 333 317 349
0 364 337 374 351
0 383 370 393 384
0 384 410 396 426
0 371 433 383 449
0 489 418 499 432
0 589 251 599 265
0 623 253 633 267
0 620 192 630 206
0 633 192 643 206
0 678 201 690 217
0 784 205 794 219
0 735 155 745 169
0 710 146 720 160
0 755 136 765 150
0 825 41 835 55
0 713 65 725 81
0 706 46 716 60
0 642 28 654 44
0 643 84 653 98
0 595 31 605 45
0 572 40 582 54
0 463 84 473 98
0 416 44 426 58
0 365 76 375 90
0 266 91 276 105
0 316 174 326 188
0 277 159 287 173
0 260 184 270 198
0 267 237 279 253
0 291 235 301 249
0 297 204 309 220
0 352 184 362 198
0 375 167 387 183
0 431 167 441 181
0 454 170 464 184
0 474 387 484 401
0 386 276 396 290
0 542 301 552 315
0 508 245 518 259
