0 749 707 759 693
0 707 785 717 771
0 691 794 701 780
0 694 703 704 689
0 606 717 616 703
0 603 614 615 598
0 641 626 651 612
0 628 626 640 610
0 661 629 673 613
0 642 595 652 581
0 651 590 661 576
0 702 556 714 540
0 729 616 739 602
0 737 630 747 616
0 771 631 781 617
0 773 614 783 600
0 799 609 809 595
0 809 633 821 617
0 837 629 847 615
0 859 630 871 614
0 880 727 892 711
0 907 699 919 683
0 977 681 987 667
0 972 639 982 625
0 957 622 967 608
0 982 569 994 553
0 1060 546 1070 532
0 1044 502 1056 486
0 998 513 1008 499
0 978 516 990 500
0 970 520 982 504
0 961 480 971 466
0 1031 410 1041 396
0 885 521 895 507
0 901 474 911 460
0 878 557 888 543
0 852 583 862 569
0 830 504 840 490
0 824 461 834 447
0 801 463 813 447
0 788 480 798 466
0 740 543 750 529
0 715 515 727 499
0 686 493 698 477
0 670 476 680 462
0 649 466 659 452
0 581 499 591 485
0 624 488 634 474
0 605 423 617 407
0 653 439 665 423
0 746 451 756 437
0 835 417 847 401
0 529 512 541 496
0 515 533 525 519
0 489 568 499 554
0 398 576 408 562
0 371 574 381 560
0 346 588 356 574
0 326 617 336 603
0 333 639 345 623
0 392 655 402 641
0 465 712 475 698
0 354 689 364 675
0 353 666 363 652
0 298 657 308 643
0 294 627 304 613
0 247 638 257 624
0 307 525 317 511
0 329 503 339 489
0 355 487 365 473
0 380 449 390 435
0 386 421 396 407
0 390 384 402 368
0 371 355 381 341
0 313 348 323 334
0 303 396 315 380
0 268 395 278 381
0 266 356 278 340
0 236 343 248 327
0 272 249 282 235
0 296 254 308 238
0 303 222 313 208
0 258 197 268 183
0 282 173 292 159
0 267 104 277 90
0 322 190 332 176
0 355 196 365 182
0 378 182 390 166
0 432 182 442 168
0 462 182 472 168
0 357 110 367 96
0 372 89 382 75
0 376 25 386 11
0 470 101 480 87
0 444 71 454 57
0 417 62 429 46
0 204 247 214 233
0 198 260 208 246
0 167 371 179 355
0 187 420 197 406
0 154 419 164 405
0 229 444 239 430
0 235 426 245 412
0 232 513 242 499
0 274 487 284 473
0 388 287 398 273
0 388 287 398 273
0 477 402 487 388
0 495 435 505 421
0 556 244 566 230
0 575 233 585 219
0 593 268 603 254
0 570 279 582 263
0 537 296 549 280
0 539 317 549 303
0 557 321 567 307
0 593 345 603 331
0 583 372 593 358
0 670 374 682 358
0 630 266 640 252
0 620 207 632 191
0 641 206 651 192
0 690 217 700 203
0 712 166 724 150
0 719 83 729 69
0 708 62 718 48
0 650 101 660 87
0 647 45 657 31
0 605 39 617 23
0 739 174 751 158
0 762 152 772 138
0 836 57 846 43
0 896 61 908 45
0 898 78 908 64
0 1004 279 1014 265
0 937 250 949 234
0 916 280 926 266
0 913 316 923 302
0 916 347 926 333
0 971 374 981 360
0 989 370 999 356
0 1041 342 1053 326
0 1051 189 1061 175
0 1022 176 1032 162
0 928 397 938 383
0 907 383 917 369
