0 924 623 934 609
0 967 622 979 606
0 972 602 982 588
0 861 575 871 561
0 966 550 978 534
0 993 499 1003 485
0 953 489 965 473
0 907 474 917 460
0 1017 450 1029 434
0 861 401 871 387
0 837 387 847 373
0 876 361 886 347
0 854 337 864 323
0 918 323 928 309
0 983 288 993 274
0 1017 259 1027 245
0 814 166 824 152
0 827 309 837 295
0 767 348 779 332
0 738 216 750 200
0 702 235 712 221
0 676 152 686 138
0 668 317 680 301
0 663 301 675 285
0 739 439 749 425
0 720 443 732 427
0 693 637 703 623
0 680 611 692 595
0 574 577 586 561
0 504 516 516 500
0 378 627 390 611
0 326 589 336 575
0 224 642 234 628
0 289 456 301 440
0 339 168 351 152
0 469 174 479 160
0 542 235 554 219
0 593 404 603 390
0 541 426 551 412
0 567 462 579 446
0 594 439 604 425
0 579 281 589 267
0 601 306 611 292
0 490 78 500 64
0 509 72 521 56
0 992 223 1004 207
0 220 260 230 246
0 199 266 209 252
