0 749 456 759 470
0 791 470 803 486
0 783 505 795 521
0 764 579 774 593
0 716 543 726 557
0 701 528 713 544
0 782 408 792 422
0 709 312 721 328
0 674 308 686 324
0 749 280 759 294
0 781 258 793 274
0 844 229 854 243
0 915 249 927 265
0 936 264 946 278
0 1004 241 1014 255
0 1021 219 1031 233
0 1036 172 1046 186
0 973 327 983 341
0 972 343 982 357
0 1058 392 1068 406
0 1066 284 1076 298
0 995 521 1005 535
0 949 496 959 510
0 945 659 955 673
0 976 684 988 700
0 888 567 898 581
0 875 584 885 598
0 778 650 790 666
0 830 669 842 685
0 902 612 912 626
0 671 598 683 614
0 682 563 692 577
0 613 555 623 569
0 614 537 624 551
0 585 491 595 505
0 619 459 629 473
0 545 487 555 501
0 583 425 593 439
0 560 347 570 361
0 448 317 458 331
0 394 330 406 346
0 352 549 362 563
0 380 564 390 578
0 388 524 400 540
0 405 487 417 503
0 196 489 206 503
0 207 463 217 477
0 326 291 338 307
0 326 250 336 264
0 310 49 320 63
0 363 68 373 82
0 418 44 428 58
0 531 74 541 88
0 550 84 560 98
0 578 75 590 91
0 584 131 594 145
0 564 136 574 150
0 594 167 604 181
0 609 140 619 154
0 651 41 661 55
0 711 30 721 44
0 908 77 918 91
0 941 65 951 79
0 846 136 858 152
0 878 189 890 205
0 909 123 921 139
0 798 13 808 27
0 783 12 793 26
0 842 8 852 22
0 194 557 204 571
0 239 412 251 428
0 592 253 602 267
0 286 203 298 219
0 353 223 365 239
