0 1011 282 1021 268
0 977 240 987 226
0 970 222 982 206
0 967 166 977 152
0 933 78 945 62
0 898 88 910 72
0 817 146 827 132
0 756 114 766 100
0 814 198 824 184
0 761 194 773 178
0 809 233 819 219
0 768 222 778 208
0 795 289 805 275
0 791 307 801 293
0 759 265 769 251
0 739 314 749 300
0 714 330 724 316
0 732 375 744 359
0 720 416 732 400
0 850 404 860 390
0 902 551 912 537
0 757 607 769 591
0 709 674 721 658
0 729 723 739 709
0 754 720 764 706
0 789 761 799 747
0 693 511 703 497
0 653 554 665 538
0 629 364 639 350
0 664 243 676 227
0 624 238 636 222
0 587 236 599 220
0 601 65 611 51
0 563 62 575 46
0 523 72 533 58
0 443 63 453 49
0 387 133 397 119
0 363 123 375 107
0 311 86 323 70
0 550 325 560 311
0 486 327 496 313
0 442 333 454 317
0 447 393 459 377
0 414 425 424 411
0 364 380 376 364
0 247 245 259 229
0 166 246 178 230
0 324 514 336 498
0 330 565 342 549
0 312 514 322 500
0 255 600 265 586
0 219 596 231 580
0 188 585 198 571
0 292 654 302 640
0 415 626 427 610
0 588 525 598 511
0 579 512 589 498
0 562 504 572 490
0 553 537 565 521
0 498 560 508 546
0 477 523 487 509
0 463 507 475 491
0 534 648 544 634
0 482 678 492 664
0 418 725 428 711
0 558 732 570 716
0 583 709 593 695
