0 902 157 912 143
0 876 201 886 187
0 832 251 842 237
0 782 271 792 257
0 751 302 761 288
0 652 302 662 288
0 598 272 610 256
0 551 354 563 338
0 437 339 449 323
0 394 353 406 337
0 330 289 340 275
0 317 259 329 243
0 292 215 302 201
0 399 508 411 492
0 373 568 383 554
0 395 684 407 668
0 591 452 603 436
0 611 473 621 459
0 762 468 774 452
0 769 417 779 403
0 581 89 593 73
0 651 62 663 46
0 402 61 412 47
0 363 70 375 54
0 696 36 706 22
0 1058 293 1068 279
0 1053 410 1065 394
0 975 521 985 507
0 952 526 962 512
0 918 630 930 614
0 942 676 954 660
0 774 516 786 500
0 788 488 798 474
0 756 599 766 585
0 790 662 800 648
