0 808 91 818 105
0 809 120 819 134
0 817 147 827 161
0 743 203 755 219
0 706 220 716 234
0 679 131 691 147
0 658 98 670 114
0 516 56 528 72
0 475 67 485 81
0 392 30 404 46
0 468 157 480 173
0 378 76 388 90
0 364 95 374 109
0 346 147 356 161
0 417 158 429 174
0 548 222 558 236
0 584 269 594 283
0 617 293 627 307
0 658 280 668 294
0 681 308 691 322
0 612 394 622 408
0 571 399 581 413
0 537 413 547 427
0 607 433 619 449
0 567 455 577 469
0 344 413 354 427
0 321 424 331 438
0 305 443 315 457
0 276 473 286 487
0 271 337 281 351
0 256 332 268 348
0 235 245 245 259
0 290 217 300 231
0 323 578 333 592
0 378 585 388 599
0 439 557 449 571
0 518 635 530 651
0 485 644 495 658
0 668 746 680 762
0 636 739 648 755
0 635 776 645 790
0 666 773 678 789
0 701 621 713 637
0 696 580 708 596
0 734 613 744 627
0 759 567 771 583
0 785 546 795 560
0 723 462 733 476
0 721 426 731 440
0 768 435 778 449
0 755 481 765 495
0 743 380 753 394
0 740 358 752 374
0 770 322 780 336
0 837 374 847 388
0 872 384 882 398
0 879 352 889 366
0 857 316 869 332
0 830 282 840 296
0 900 273 910 287
0 898 252 908 266
0 914 303 926 319
0 924 129 934 143
0 964 161 974 175
0 987 203 997 217
0 1020 239 1030 253
0 996 265 1006 279
0 994 295 1006 311
0 987 316 997 330
0 921 440 931 454
0 961 463 973 479
0 964 505 974 519
0 868 558 878 572
0 581 565 593 581
0 555 553 565 567
0 926 620 936 634
0 976 594 986 608
0 1002 631 1012 645
0 1019 597 1029 611
0 977 643 987 657
0 987 535 997 549
0 1004 523 1014 537
0 1004 507 1014 521
0 1005 489 1015 503
0 1018 462 1028 476
0 1020 426 1032 442
0 1028 387 1038 401
0 1072 426 1082 440
0 1077 392 1087 406
0 1027 629 1037 643
0 880 715 892 731
0 919 746 931 762
0 444 439 456 455
0 234 549 244 563
0 226 569 238 585
0 224 603 234 617
0 242 647 254 663
0 255 404 267 420
0 224 432 236 448
0 347 30 357 44
