0 823 253 833 239
0 783 275 793 261
0 756 304 766 290
0 873 199 883 185
0 897 165 907 151
0 1052 291 1064 275
0 1049 413 1059 399
0 768 469 778 455
0 766 417 778 401
0 786 491 796 477
0 772 520 782 506
0 757 604 767 590
0 797 667 807 653
0 928 630 938 616
0 648 303 658 289
0 597 280 609 264
0 546 349 558 333
0 434 341 444 327
0 396 352 408 336
0 579 83 591 67
0 645 66 657 50
0 701 35 711 21
0 392 510 402 496
0 373 564 385 548
0 398 681 408 667
0 328 276 338 262
0 290 217 302 201
0 363 65 373 51
0 394 62 404 48
