0 562 51 574 67
0 519 63 529 77
0 438 48 450 64
0 301 74 311 88
0 363 108 373 122
0 389 122 399 136
0 598 50 610 66
0 584 224 596 240
0 622 225 634 241
0 667 233 677 247
0 766 211 778 227
0 761 176 773 192
0 758 100 768 114
0 817 137 827 151
0 814 185 826 201
0 810 219 820 233
0 793 275 805 291
0 792 295 802 309
0 758 252 768 266
0 737 301 749 317
0 714 318 724 332
0 733 360 745 376
0 892 78 904 94
0 934 63 946 79
0 825 40 835 54
0 815 61 825 75
0 964 151 974 165
0 970 207 980 221
0 979 232 989 246
0 1011 276 1021 290
0 1000 437 1010 451
0 1084 479 1094 493
0 1018 629 1030 645
0 849 388 859 402
0 907 543 917 557
0 245 233 255 247
0 629 349 639 363
0 550 311 560 325
0 485 318 495 332
0 437 321 449 337
0 361 366 371 380
0 164 231 174 245
0 444 376 456 392
0 414 416 424 430
0 328 500 338 514
0 305 501 315 515
0 254 588 264 602
0 221 585 231 599
0 185 572 195 586
0 285 641 295 655
0 411 614 421 628
0 721 403 731 417
0 694 499 704 513
0 653 542 665 558
0 606 580 616 594
0 588 516 600 532
0 582 495 592 509
0 557 485 569 501
0 551 532 561 546
0 497 545 507 559
0 479 516 489 530
0 466 494 476 508
0 436 509 448 525
0 432 527 444 543
0 333 551 343 565
0 298 584 308 598
0 414 710 424 724
0 483 666 493 680
0 535 634 547 650
0 581 695 593 711
0 556 721 566 735
0 640 731 652 747
0 672 750 684 766
0 697 751 707 765
0 723 713 735 729
0 753 706 763 720
0 762 591 772 605
0 705 663 715 677
0 787 748 797 762
