0 879 142 889 132
0 867 206 877 196
0 915 291 925 281
0 1022 237 1032 227
0 1052 198 1062 188
0 1035 376 1045 366
0 956 397 966 387
0 995 460 1005 450
0 1067 318 1077 308
0 1058 296 1068 286
0 847 345 857 335
0 764 319 774 309
0 749 347 759 337
0 795 370 805 360
0 859 439 869 429
0 726 418 736 408
0 802 410 812 400
0 657 517 667 507
0 784 643 794 633
0 805 676 815 666
0 779 761 789 751
0 718 763 728 753
0 753 772 763 762
0 824 749 834 739
0 955 655 965 645
0 965 603 975 593
0 623 352 633 342
0 634 228 644 218
0 716 144 726 134
0 712 167 722 157
0 554 82 564 72
0 519 352 529 342
0 535 390 545 380
0 518 421 528 411
0 524 469 534 459
0 571 563 581 553
0 323 581 333 571
0 270 454 280 444
0 270 402 280 392
0 333 352 343 342
0 305 259 315 249
0 458 238 468 228
0 427 91 437 81
0 394 30 404 20
0 366 44 376 34
0 342 45 352 35
0 452 767 462 757
0 263 678 273 668
0 303 683 313 673
0 208 581 218 571
0 190 586 200 576
0 262 203 272 193
0 271 176 281 166
0 556 263 566 253
0 558 748 568 738
