0 778 34 790 50
0 684 126 694 140
0 618 26 628 40
0 621 72 631 86
0 408 40 420 56
0 430 62 440 76
0 353 27 363 41
0 342 70 352 84
0 281 336 291 350
0 340 377 350 391
0 341 353 351 367
0 378 286 388 300
0 504 257 516 273
0 638 206 650 222
0 613 261 623 275
0 754 204 764 218
0 891 244 901 258
0 916 224 926 238
0 982 279 992 293
0 1011 297 1021 311
0 984 399 994 413
0 956 423 966 437
0 802 397 812 411
0 741 426 751 440
0 618 416 628 430
0 625 346 635 360
0 561 345 571 359
0 566 395 576 409
0 599 455 611 471
0 579 469 589 483
0 749 714 759 728
0 487 750 499 766
0 462 731 474 747
0 453 546 463 560
0 338 586 348 600
0 275 471 285 485
