0 808 138 818 124
0 756 131 768 115
0 985 259 997 243
0 970 182 982 166
0 847 436 857 422
0 888 543 898 529
0 741 623 751 609
0 707 644 717 630
0 785 782 795 768
0 507 642 519 626
0 477 677 489 661
0 410 623 420 609
0 486 568 496 554
0 649 546 661 530
0 670 535 680 521
0 697 326 707 312
0 628 367 638 353
0 581 225 591 211
0 533 335 543 321
0 488 326 498 312
0 436 343 448 327
0 432 398 442 384
0 397 414 407 400
0 369 375 379 361
0 242 591 252 577
0 280 596 292 580
0 300 660 310 646
0 406 741 416 727
0 587 70 597 56
0 548 68 560 52
0 536 66 546 52
0 432 64 442 50
0 339 88 351 72
0 238 246 250 230
