0 749 468 759 458
0 792 483 802 473
0 784 518 794 508
0 764 591 774 581
0 716 555 726 545
0 702 541 712 531
0 782 420 792 410
0 710 325 720 315
0 675 321 685 311
0 749 292 759 282
0 782 271 792 261
0 844 241 854 231
0 916 262 926 252
0 936 276 946 266
0 1004 253 1014 243
0 1021 231 1031 221
0 1036 184 1046 174
0 973 339 983 329
0 972 355 982 345
0 1058 404 1068 394
0 1066 296 1076 286
0 995 533 1005 523
0 949 508 959 498
0 945 671 955 661
0 977 697 987 687
0 888 579 898 569
0 875 596 885 586
0 779 663 789 653
0 831 682 841 672
0 902 624 912 614
0 672 611 682 601
0 682 575 692 565
0 613 567 623 557
0 614 549 624 539
0 585 503 595 493
0 619 471 629 461
0 545 499 555 489
0 583 437 593 427
0 560 359 570 349
0 448 329 458 319
0 395 343 405 333
0 352 561 362 551
0 380 576 390 566
0 389 537 399 527
0 406 500 416 490
0 196 501 206 491
0 207 475 217 465
0 327 304 337 294
0 326 262 336 252
0 310 61 320 51
0 363 80 373 70
0 418 56 428 46
0 531 86 541 76
0 550 96 560 86
0 579 88 589 78
0 584 143 594 133
0 564 148 574 138
0 594 179 604 169
0 609 152 619 142
0 651 53 661 43
0 711 42 721 32
0 908 89 918 79
0 941 77 951 67
0 847 149 857 139
0 879 202 889 192
0 910 136 920 126
0 798 25 808 15
0 783 24 793 14
0 842 20 852 10
0 194 569 204 559
0 240 425 250 415
0 592 265 602 255
0 287 216 297 206
0 354 236 364 226
