0 593 202 603 192
0 561 178 571 168
0 509 242 519 232
0 616 279 626 269
0 649 390 659 380
0 600 388 610 378
0 598 420 608 410
0 604 440 614 430
0 514 401 524 391
0 517 364 527 354
0 797 368 807 358
0 815 273 825 263
0 878 279 888 269
0 878 267 888 257
0 846 236 856 226
0 880 433 890 423
0 793 552 803 542
0 751 555 761 545
0 705 592 715 582
0 664 612 674 602
0 614 579 624 569
0 593 552 603 542
0 526 563 536 553
0 506 571 516 561
0 486 564 496 554
0 495 540 505 530
0 817 657 827 647
0 739 702 749 692
0 994 699 1004 689
0 410 734 420 724
0 251 636 261 626
0 293 596 303 586
0 349 620 359 610
0 423 260 433 250
0 834 51 844 41
0 872 42 882 32
0 497 149 507 139
0 483 149 493 139
0 345 50 355 40
0 1025 663 1035 653
0 722 756 732 746
