0 786 34 796 48
0 733 124 743 138
0 720 135 732 151
0 689 130 701 146
0 620 24 630 38
0 623 75 633 89
0 432 64 444 80
0 415 39 425 53
0 359 24 369 38
0 347 73 357 87
0 286 334 296 348
0 345 176 357 192
0 517 254 527 268
0 614 260 624 274
0 646 208 656 222
0 758 205 770 221
0 892 244 904 260
0 922 226 934 242
0 982 272 992 286
0 1014 299 1024 313
0 991 397 1001 411
0 957 428 969 444
0 1014 507 1026 523
0 811 396 821 410
0 743 428 753 442
0 629 346 641 362
0 566 340 578 356
0 570 398 580 412
0 621 417 633 433
0 610 451 620 465
0 580 475 590 489
0 376 285 388 301
0 343 348 353 362
0 347 373 357 387
0 276 474 286 488
0 340 585 352 601
0 461 546 471 560
0 491 752 503 768
0 459 722 469 736
0 751 710 761 724
0 918 663 928 677
