0 0.364583 0.864375 0.00815217 0.01125 0.291504
0 0.288949 0.300625 0.00724638 0.01125 0.317139
0 0.290761 0.305625 0.00724638 0.01125 0.346191
0 0.172101 0.710625 0.00724638 0.01125 0.354004
0 0.637681 0.0375 0.00724638 0.01 0.359863
0 0.29212 0.314375 0.00815217 0.01125 0.40625
0 0.363678 0.851875 0.00815217 0.01375 0.417236
0 0.71875 0.604375 0.00815217 0.01125 0.422607
0 0.306612 0.354375 0.00815217 0.01125 0.435791
0 0.596467 0.068125 0.00634058 0.00875 0.509277
0 0.874094 0.85625 0.00724638 0.01 0.520508
0 0.363225 0.846875 0.00724638 0.01125 0.541016
0 0.268116 0.263125 0.00724638 0.01125 0.550293
0 0.367301 0.6275 0.00815217 0.0125 0.605469
0 0.690217 0.74 0.00724638 0.01 0.619141
0 0.50317 0.435 0.00815217 0.0125 0.633301
0 0.540761 0.555 0.00905797 0.0125 0.643555
0 0.961051 0.359375 0.00724638 0.01125 0.644043
0 0.368659 0.07 0.00724638 0.01 0.64502
0 0.720562 0.820625 0.00815217 0.01125 0.647949
0 0.86096 0.836875 0.00815217 0.01125 0.664062
0 0.867301 0.65 0.00815217 0.01 0.664551
0 0.595109 0.371875 0.00905797 0.01375 0.66748
0 0.333333 0.078125 0.00724638 0.01125 0.668457
0 0.529438 0.100625 0.00815217 0.01125 0.668457
0 0.839221 0.7775 0.00815217 0.01 0.668945
0 0.365036 0.4325 0.00905797 0.0125 0.671875
0 0.797101 0.24625 0.00724638 0.01 0.679688
0 0.822011 0.18875 0.00815217 0.01 0.68457
0 0.702899 0.516875 0.00905797 0.01125 0.686035
0 0.888134 0.645 0.00815217 0.01 0.686523
0 0.696558 0.57625 0.00905797 0.0125 0.686523
0 0.959239 0.505 0.00724638 0.01 0.687012
0 0.686141 0.369375 0.00815217 0.01125 0.691406
0 0.401721 0.41625 0.00815217 0.0125 0.69873
0 0.546649 0.33375 0.00815217 0.0125 0.705078
0 0.707428 0.638125 0.00724638 0.01125 0.705566
0 0.757699 0.305625 0.00815217 0.01125 0.709473
0 0.712409 0.334375 0.00815217 0.01125 0.711914
0 0.344656 0.70375 0.00815217 0.0125 0.712402
0 0.557971 0.583125 0.00905797 0.01375 0.71582
