0 0.603261 0.669375 0.00905797 0.01125 0.441895
0 0.600091 0.6725 0.00996377 0.0125 0.554688
0 0.220109 0.304375 0.00724638 0.01125 0.610352
0 0.714221 0.975625 0.00815217 0.01125 0.661621
0 0.486866 0.41375 0.00815217 0.0125 0.662598
0 0.313406 0.099375 0.00905797 0.01125 0.664062
0 0.438406 0.836875 0.00905797 0.01375 0.681641
0 0.446105 0.705 0.00815217 0.0125 0.6875
0 0.391757 0.071875 0.00815217 0.01125 0.696777
0 0.365036 0.514375 0.00905797 0.01125 0.697754
0 0.885417 0.221875 0.00815217 0.01125 0.699219
0 0.339674 0.461875 0.00905797 0.01125 0.706055
0 0.534873 0.085625 0.00815217 0.01125 0.709961
0 0.694293 0.158125 0.00815217 0.01125 0.715332
0 0.370018 0.924375 0.00815217 0.01125 0.71582
0 0.449275 0.405 0.00905797 0.0125 0.717285
0 0.277174 0.8225 0.00905797 0.0125 0.71875
0 0.735054 0.165625 0.00815217 0.01125 0.720215
0 0.647645 0.79375 0.00905797 0.0125 0.723633
0 0.25317 0.7425 0.00815217 0.0125 0.724121
0 0.464674 0.7975 0.00905797 0.0125 0.724609
0 0.401268 0.42625 0.00905797 0.0125 0.733887
0 0.376812 0.773125 0.00905797 0.01125 0.734863
0 0.771286 0.5425 0.00815217 0.0125 0.735352
0 0.39538 0.495 0.00815217 0.0125 0.737305
0 0.228714 0.7325 0.00815217 0.0125 0.738281
0 0.896286 0.311875 0.00815217 0.01125 0.743164
0 0.527627 0.275625 0.00996377 0.01375 0.745117
0 0.634511 0.39875 0.00815217 0.0125 0.745605
0 0.807971 0.67125 0.00905797 0.0125 0.75293
0 0.672101 0.779375 0.00905797 0.01125 0.755371
0 0.578804 0.454375 0.00905797 0.01375 0.775391
