0 0.388134 0.501875 0.00815217 0.01125 0.656738
0 0.322917 0.111875 0.00815217 0.01125 0.672852
0 0.436141 0.843125 0.00815217 0.01125 0.674805
0 0.213315 0.328125 0.00815217 0.01125 0.685059
0 0.527627 0.105625 0.00815217 0.01125 0.691406
0 0.394475 0.4575 0.00815217 0.0125 0.709473
0 0.358243 0.94125 0.00815217 0.0125 0.709961
0 0.79529 0.66625 0.00905797 0.0125 0.709961
0 0.370924 0.0975 0.00815217 0.0125 0.715332
0 0.275815 0.8375 0.00815217 0.0125 0.718262
0 0.435236 0.733125 0.00815217 0.01125 0.71875
0 0.377717 0.78875 0.00905797 0.0125 0.721191
0 0.621377 0.44375 0.00905797 0.0125 0.72168
0 0.44837 0.821875 0.00905797 0.01125 0.722656
0 0.586957 0.46125 0.00905797 0.0125 0.723145
0 0.345109 0.47625 0.00905797 0.0125 0.732422
0 0.363678 0.52125 0.00815217 0.0125 0.739258
0 0.523098 0.27875 0.00996377 0.0125 0.749512
0 0.772645 0.6075 0.00905797 0.0125 0.751953
