0 0.564764 0.97875 0.00815217 0.0125 0.389404
0 0.656703 0.870625 0.00724638 0.01125 0.398682
0 0.154891 0.406875 0.00724638 0.01125 0.466553
0 0.963315 0.381875 0.00815217 0.01125 0.65625
0 0.384964 0.406875 0.00905797 0.01125 0.663574
0 0.924366 0.488125 0.00815217 0.01125 0.669434
0 0.811594 0.69375 0.00724638 0.01 0.671387
0 0.909873 0.804375 0.00815217 0.01125 0.677246
0 0.714221 0.329375 0.00815217 0.01125 0.68457
0 0.651721 0.1925 0.00815217 0.01 0.688477
0 0.755435 0.08625 0.00724638 0.01 0.695312
0 0.868207 0.59125 0.00815217 0.01 0.695801
0 0.427536 0.7975 0.00905797 0.0125 0.707031
0 0.697917 0.365625 0.00815217 0.01125 0.714355
0 0.389946 0.815 0.00815217 0.01 0.714844
