0 0.543931 0.058125 0.00815217 0.01125 0.662109
0 0.679801 0.981875 0.00815217 0.01125 0.669434
0 0.240036 0.45125 0.00905797 0.0125 0.692871
0 0.681612 0.94625 0.00815217 0.0125 0.701172
0 0.678895 0.075 0.00815217 0.01 0.704102
0 0.675272 0.273125 0.00815217 0.01125 0.707031
0 0.309783 0.765625 0.00905797 0.01125 0.710938
0 0.539855 0.511875 0.00905797 0.01375 0.717285
0 0.672101 0.53375 0.00905797 0.0125 0.72168
0 0.602808 0.126875 0.00815217 0.01125 0.723145
0 0.552989 0.094375 0.00815217 0.01125 0.726074
0 0.379529 0.70125 0.00905797 0.0125 0.72998
0 0.566123 0.2975 0.00905797 0.0125 0.732422
0 0.416214 0.35 0.00815217 0.0125 0.735352
0 0.349185 0.383125 0.00815217 0.01125 0.742188
0 0.70788 0.5275 0.00815217 0.0125 0.744141
0 0.547101 0.451875 0.00905797 0.01375 0.744629
0 0.552989 0.34875 0.00996377 0.0125 0.752441
0 0.244112 0.584375 0.00815217 0.01125 0.756348
