0 0.216033 0.3375 0.00815217 0.0125 0.273438
0 0.32654 0.855 0.00815217 0.0125 0.310547
0 0.575181 0.919375 0.00905797 0.01125 0.314941
0 0.62817 0.878125 0.00996377 0.01125 0.318359
0 0.161685 0.34125 0.00815217 0.0125 0.344971
0 0.467391 0.1725 0.00724638 0.01 0.35791
0 0.363678 0.619375 0.00815217 0.01125 0.416016
0 0.294837 0.701875 0.00815217 0.01125 0.433105
0 0.728714 0.689375 0.00815217 0.01125 0.459717
0 0.710145 0.2725 0.00724638 0.01 0.465576
0 0.415761 0.02375 0.00724638 0.01 0.476807
0 0.26721 0.8325 0.00905797 0.0125 0.495361
0 0.438859 0.7425 0.00815217 0.01 0.497314
0 0.672101 0.31 0.00724638 0.01 0.501953
0 0.72192 0.2675 0.00724638 0.01 0.512695
0 0.562047 0.941875 0.00815217 0.01125 0.536133
0 0.362319 0.21875 0.00724638 0.01 0.54248
0 0.274909 0.448125 0.00815217 0.01125 0.547852
0 0.495924 0.701875 0.00815217 0.01125 0.551758
0 0.511322 0.101875 0.00634058 0.00875 0.560547
0 0.20471 0.281875 0.00724638 0.01125 0.567383
0 0.692482 0.12625 0.00634058 0.01 0.567383
0 0.32654 0.411875 0.00815217 0.01125 0.575195
0 0.300272 0.531875 0.00815217 0.01125 0.57959
0 0.783514 0.979375 0.00724638 0.00875 0.59375
0 0.263587 0.62875 0.00724638 0.01 0.595215
0 0.429348 0.09875 0.00724638 0.01 0.602539
0 0.26404 0.8125 0.00815217 0.01 0.606934
0 0.591486 0.1575 0.00724638 0.01 0.608398
0 0.411232 0.105 0.00724638 0.01 0.621094
0 0.511322 0.241875 0.00815217 0.01125 0.625
0 0.514493 0.14625 0.00724638 0.01 0.630859
0 0.85779 0.543125 0.00724638 0.01125 0.643066
0 0.570199 0.12375 0.00815217 0.01 0.644531
0 0.641304 0.333125 0.00724638 0.01125 0.645996
0 0.341938 0.733125 0.00815217 0.01125 0.645996
0 0.407609 0.71625 0.00905797 0.0125 0.650391
0 0.421649 0.560625 0.00815217 0.01125 0.668457
0 0.210145 0.22125 0.00724638 0.01 0.67041
0 0.413949 0.215 0.00724638 0.01 0.67041
0 0.516757 0.635 0.00815217 0.0125 0.67334
0 0.674819 0.3725 0.00905797 0.0125 0.677246
0 0.29846 0.850625 0.00815217 0.01125 0.678223
0 0.810236 0.643125 0.00815217 0.01125 0.678223
0 0.657156 0.83125 0.00815217 0.0125 0.683105
0 0.722826 0.23 0.00724638 0.01 0.683594
0 0.410779 0.419375 0.00815217 0.01125 0.684082
0 0.480978 0.676875 0.00724638 0.01125 0.686523
0 0.931159 0.731875 0.00724638 0.01125 0.687988
0 0.894475 0.790625 0.00815217 0.01125 0.696289
0 0.964221 0.665625 0.00815217 0.01125 0.701172
0 0.508605 0.5975 0.00815217 0.0125 0.705566
0 0.50317 0.536875 0.00996377 0.01375 0.708008
0 0.45788 0.10375 0.00634058 0.01 0.708496
0 0.484149 0.235 0.00815217 0.01 0.708984
0 0.660326 0.42375 0.00905797 0.0125 0.710938
0 0.458786 0.6 0.00815217 0.0125 0.717285
0 0.265399 0.541875 0.00724638 0.01125 0.718262
0 0.645833 0.1925 0.00724638 0.01 0.725098
0 0.583786 0.648125 0.00815217 0.01375 0.728027
0 0.613678 0.643125 0.00815217 0.01125 0.729004
0 0.546649 0.641875 0.00815217 0.01125 0.730469
