0 0.65625 0.645 0.0117754 0.015 0.250488
0 0.540761 0.050625 0.00905797 0.01125 0.254639
0 0.618207 0.6 0.00815217 0.0125 0.297363
0 0.520833 0.28625 0.00905797 0.0125 0.331299
0 0.833786 0.47 0.00815217 0.0125 0.344482
0 0.649909 0.08875 0.00634058 0.0125 0.377197
0 0.472826 0.325 0.00905797 0.0125 0.409424
0 0.199728 0.611875 0.00815217 0.01125 0.44043
0 0.653533 0.641875 0.00815217 0.01125 0.442139
0 0.557971 0.605 0.00905797 0.0125 0.469971
0 0.492301 0.963125 0.00815217 0.01125 0.498291
0 0.663496 0.65 0.00815217 0.01 0.534668
0 0.713315 0.02 0.00634058 0.01 0.537598
0 0.577899 0.250625 0.00905797 0.01125 0.551758
0 0.668025 0.669375 0.00815217 0.01125 0.571289
0 0.780344 0.78625 0.00815217 0.01 0.573242
0 0.82971 0.386875 0.00724638 0.01125 0.575195
0 0.966486 0.393125 0.00724638 0.01125 0.577637
0 0.740489 0.573125 0.00815217 0.01125 0.586914
0 0.22192 0.4225 0.00905797 0.0125 0.598145
0 0.20471 0.63 0.00905797 0.0125 0.600098
0 0.492301 0.95875 0.00815217 0.01 0.614746
0 0.86413 0.77375 0.00724638 0.01 0.621094
0 0.214221 0.52625 0.00815217 0.0125 0.627441
0 0.155344 0.456875 0.00815217 0.01125 0.637207
0 0.355072 0.35625 0.00905797 0.0125 0.63916
0 0.34375 0.553125 0.00815217 0.01125 0.640137
0 0.303895 0.794375 0.00815217 0.01125 0.643555
0 0.342391 0.02875 0.00724638 0.01 0.652832
0 0.481431 0.635625 0.00815217 0.01125 0.653809
0 0.973279 0.375625 0.00815217 0.01125 0.653809
0 0.321105 0.840625 0.00815217 0.01125 0.655762
0 0.524004 0.06 0.00815217 0.01 0.661621
0 0.509964 0.296875 0.00905797 0.01125 0.665039
0 0.567029 0.250625 0.00905797 0.01125 0.666504
0 0.240489 0.241875 0.00815217 0.01125 0.666504
0 0.888134 0.835 0.00815217 0.0125 0.66748
0 0.717844 0.58875 0.00815217 0.0125 0.667969
0 0.254982 0.20875 0.00815217 0.0125 0.669434
0 0.336504 0.105 0.00815217 0.01 0.672852
0 0.898551 0.636875 0.00724638 0.01125 0.674316
0 0.245471 0.125 0.00724638 0.01 0.67627
0 0.651268 0.093125 0.00724638 0.01125 0.679199
0 0.465127 0.315 0.00815217 0.0125 0.681641
0 0.247736 0.309375 0.00815217 0.01125 0.682617
0 0.447464 0.5325 0.00905797 0.0125 0.683105
0 0.905344 0.33875 0.00815217 0.0125 0.683105
0 0.298007 0.766875 0.00905797 0.01125 0.683594
0 0.274004 0.266875 0.00815217 0.01125 0.68457
0 0.158967 0.508125 0.00815217 0.01125 0.68457
0 0.799366 0.639375 0.00815217 0.01125 0.685059
0 0.626359 0.870625 0.00815217 0.01125 0.687012
0 0.796196 0.8 0.00724638 0.0125 0.6875
0 0.251359 0.60375 0.00815217 0.0125 0.6875
0 0.879076 0.788125 0.00815217 0.01125 0.688965
0 0.930707 0.505625 0.00815217 0.01125 0.688965
0 0.42346 0.115625 0.00815217 0.01125 0.690918
0 0.726902 0.750625 0.00815217 0.01125 0.690918
0 0.269475 0.304375 0.00815217 0.01125 0.691406
0 0.219656 0.785625 0.00815217 0.01125 0.692383
0 0.827446 0.854375 0.00815217 0.01125 0.693359
0 0.497736 0.39 0.00996377 0.0125 0.693848
0 0.686141 0.88 0.00815217 0.01 0.694824
0 0.323822 0.239375 0.00815217 0.01125 0.695312
0 0.239583 0.43375 0.00815217 0.0125 0.695801
0 0.833786 0.41625 0.00815217 0.0125 0.696777
0 0.758605 0.513125 0.00815217 0.01125 0.697754
0 0.353714 0.5225 0.00815217 0.0125 0.698242
0 0.445652 0.69875 0.00905797 0.0125 0.698242
0 0.24683 0.489375 0.00815217 0.01125 0.69873
0 0.543931 0.048125 0.00815217 0.01125 0.69873
0 0.733243 0.773125 0.00815217 0.01125 0.699707
0 0.690217 0.179375 0.00724638 0.01125 0.700684
0 0.773551 0.725625 0.00724638 0.01125 0.701172
0 0.64538 0.068125 0.00634058 0.01125 0.701172
0 0.276721 0.810625 0.00815217 0.01125 0.702637
0 0.638587 0.02125 0.00724638 0.01 0.703125
0 0.82971 0.339375 0.00724638 0.01125 0.703125
0 0.34692 0.221875 0.00905797 0.01125 0.704102
0 0.300272 0.616875 0.00815217 0.01125 0.70459
0 0.946105 0.4175 0.00996377 0.0125 0.706543
0 0.548913 0.763125 0.00724638 0.01125 0.70752
0 0.273551 0.48125 0.00905797 0.0125 0.708008
0 0.319746 0.733125 0.00905797 0.01125 0.708496
0 0.470562 0.65125 0.00815217 0.0125 0.709473
0 0.208786 0.5475 0.00815217 0.0125 0.710938
0 0.80933 0.585625 0.00815217 0.01125 0.710938
0 0.514946 0.3375 0.00815217 0.0125 0.711426
0 0.953351 0.674375 0.00815217 0.01125 0.711914
0 0.594656 0.7825 0.00815217 0.0125 0.712891
0 0.85462 0.303125 0.00815217 0.01125 0.713867
0 0.339674 0.713125 0.00905797 0.01125 0.714844
0 0.748188 0.61375 0.00905797 0.0125 0.715332
0 0.639946 0.68625 0.00815217 0.0125 0.717285
0 0.760417 0.78125 0.00815217 0.0125 0.718262
0 0.269928 0.775625 0.00905797 0.01375 0.719238
0 0.321558 0.60375 0.00905797 0.0125 0.719238
0 0.39538 0.21875 0.00815217 0.0125 0.720215
0 0.949275 0.625 0.00724638 0.01 0.720215
0 0.291214 0.226875 0.00815217 0.01125 0.720703
0 0.648098 0.193125 0.00815217 0.01125 0.720703
0 0.281703 0.4275 0.00905797 0.0125 0.721191
0 0.556159 0.884375 0.00724638 0.01125 0.72168
0 0.87817 0.583125 0.00815217 0.01125 0.725098
0 0.433877 0.495 0.00905797 0.0125 0.725098
0 0.383605 0.064375 0.00815217 0.01125 0.725098
0 0.351902 0.47375 0.00815217 0.0125 0.726074
0 0.422554 0.888125 0.00815217 0.01125 0.727051
0 0.587409 0.115625 0.00815217 0.01125 0.729004
0 0.416214 0.221875 0.00815217 0.01125 0.72998
0 0.751812 0.06125 0.00724638 0.01 0.72998
0 0.545743 0.519375 0.00996377 0.01375 0.730957
0 0.334239 0.43 0.00905797 0.0125 0.731445
0 0.591486 0.53875 0.00905797 0.0125 0.731934
0 0.588315 0.0475 0.00634058 0.01 0.732422
0 0.896739 0.694375 0.00724638 0.01125 0.73291
0 0.532609 0.6175 0.00905797 0.0125 0.733887
0 0.359149 0.711875 0.00815217 0.01125 0.73584
0 0.588768 0.58 0.00905797 0.0125 0.736328
0 0.540761 0.4225 0.00905797 0.0125 0.736328
0 0.539402 0.32375 0.00996377 0.0125 0.737793
0 0.715127 0.26875 0.00815217 0.0125 0.742188
0 0.602355 0.4575 0.00905797 0.0125 0.743164
0 0.678442 0.553125 0.00905797 0.01125 0.744629
0 0.669384 0.203125 0.00724638 0.01125 0.749512
0 0.621377 0.261875 0.00905797 0.01125 0.750977
0 0.489583 0.351875 0.00815217 0.01125 0.750977
0 0.568841 0.32625 0.00905797 0.0125 0.753906
