0 0.714674 0.63125 0.00905797 0.0125 0.30957
0 0.687953 0.759375 0.00815217 0.01125 0.395264
0 0.717844 0.63 0.00996377 0.0125 0.536133
0 0.363678 0.43375 0.00815217 0.0125 0.589355
0 0.492754 0.4275 0.00905797 0.0125 0.615234
0 0.373641 0.889375 0.00815217 0.01125 0.624512
0 0.705616 0.654375 0.00724638 0.01125 0.650879
0 0.941576 0.3625 0.00815217 0.01 0.689941
0 0.386775 0.4275 0.00905797 0.0125 0.69043
0 0.942935 0.520625 0.00724638 0.01125 0.691895
0 0.875 0.82375 0.00724638 0.01 0.70459
0 0.697011 0.52375 0.00815217 0.0125 0.70752
0 0.70471 0.599375 0.00905797 0.01125 0.715332
0 0.689312 0.40375 0.00905797 0.0125 0.719727
