0 0.699275 0.260625 0.00724638 0.01375 0.288086
0 0.677989 0.890625 0.00815217 0.01125 0.595215
0 0.380435 0.904375 0.00905797 0.01125 0.65332
0 0.338768 0.464375 0.00905797 0.01125 0.654297
0 0.913949 0.329375 0.00724638 0.01125 0.665039
0 0.200181 0.731875 0.00724638 0.01125 0.666992
0 0.179801 0.721875 0.00815217 0.01125 0.666992
0 0.22962 0.29625 0.00815217 0.01 0.676758
0 0.71875 0.94375 0.00815217 0.01 0.688477
0 0.852355 0.08875 0.00724638 0.01 0.692871
0 0.529438 0.88125 0.00815217 0.0125 0.697754
0 0.661685 0.50125 0.00815217 0.0125 0.697754
0 0.299366 0.093125 0.00815217 0.01125 0.702148
0 0.289855 0.7025 0.00905797 0.0125 0.703613
0 0.579257 0.443125 0.00996377 0.01375 0.705078
0 0.700634 0.263125 0.00815217 0.01125 0.70752
0 0.513587 0.894375 0.00724638 0.01125 0.708008
0 0.697011 0.239375 0.00815217 0.01125 0.713379
0 0.825634 0.09625 0.00634058 0.01 0.713379
0 0.881341 0.20375 0.00724638 0.01 0.713867
0 0.271739 0.80875 0.00905797 0.0125 0.714844
0 0.6875 0.32375 0.00724638 0.0125 0.71582
0 0.818841 0.67625 0.00724638 0.0125 0.71582
0 0.456069 0.688125 0.00815217 0.01375 0.718262
0 0.671649 0.46 0.00815217 0.0125 0.71875
0 0.739583 0.236875 0.00815217 0.01125 0.71875
0 0.745924 0.166875 0.00815217 0.01125 0.719727
0 0.441576 0.83625 0.00815217 0.0125 0.723145
0 0.402174 0.069375 0.00905797 0.01125 0.723145
0 0.776268 0.50375 0.00905797 0.0125 0.723633
0 0.381793 0.77125 0.00815217 0.0125 0.723633
0 0.47962 0.07375 0.00815217 0.0125 0.725098
0 0.688859 0.14375 0.00815217 0.01 0.725586
0 0.374094 0.51375 0.00905797 0.0125 0.726562
0 0.445652 0.3975 0.00905797 0.0125 0.729492
0 0.515851 0.0675 0.00815217 0.0125 0.730469
0 0.651268 0.4 0.00905797 0.0125 0.731934
0 0.689312 0.753125 0.00905797 0.01125 0.731934
0 0.644928 0.819375 0.00905797 0.01125 0.732422
0 0.484149 0.79375 0.00815217 0.0125 0.73291
0 0.535779 0.28 0.00815217 0.0125 0.735352
0 0.671649 0.376875 0.00815217 0.01125 0.73584
0 0.546196 0.075625 0.00724638 0.01125 0.736328
0 0.23279 0.734375 0.00905797 0.01375 0.73877
0 0.736413 0.274375 0.00724638 0.01125 0.73877
0 0.630888 0.635625 0.00815217 0.01125 0.739746
0 0.601902 0.2875 0.00815217 0.0125 0.740723
0 0.595562 0.678125 0.00815217 0.01125 0.744141
0 0.499094 0.39875 0.00905797 0.0125 0.746582
0 0.407609 0.48125 0.00905797 0.0125 0.748047
0 0.408062 0.41 0.00815217 0.0125 0.749512
0 0.572011 0.28625 0.00815217 0.0125 0.75
