0 0.674819 0.985625 0.00724638 0.00875 0.276611
0 0.362772 0.65875 0.00815217 0.0125 0.28125
0 0.361866 0.663125 0.00996377 0.01375 0.315918
0 0.335598 0.3425 0.00996377 0.0175 0.37085
0 0.969656 0.496875 0.00996377 0.01125 0.381592
0 0.414855 0.388125 0.00905797 0.01375 0.388428
0 0.88587 0.120625 0.00724638 0.00875 0.394287
0 0.401268 0.595 0.00905797 0.0125 0.412354
0 0.337409 0.334375 0.00815217 0.01125 0.469727
0 0.386775 0.598125 0.00905797 0.01375 0.483643
0 0.172101 0.231875 0.00724638 0.01125 0.499756
0 0.736413 0.1425 0.00724638 0.01 0.520996
0 0.887228 0.123125 0.00815217 0.01125 0.521484
0 0.840127 0.065625 0.00634058 0.00875 0.568359
0 0.730525 0.128125 0.00634058 0.00875 0.570801
0 0.971014 0.499375 0.00724638 0.01125 0.59375
0 0.413496 0.628125 0.00815217 0.01125 0.60498
0 0.616395 0.0175 0.00634058 0.01 0.607422
0 0.333333 0.35 0.00905797 0.0125 0.609375
0 0.247736 0.75625 0.00815217 0.0125 0.61084
0 0.330616 0.09625 0.00724638 0.01 0.612793
0 0.936141 0.431875 0.00815217 0.01125 0.625977
0 0.975091 0.7075 0.00815217 0.01 0.626465
0 0.431612 0.9625 0.00815217 0.01 0.628418
0 0.822011 0.96375 0.00815217 0.01 0.635254
0 0.384964 0.974375 0.00724638 0.01125 0.64209
0 0.487319 0.7925 0.00905797 0.0125 0.646484
0 0.231431 0.56375 0.00815217 0.0125 0.648438
0 0.345562 0.025 0.00815217 0.01 0.652344
0 0.576993 0.8875 0.00724638 0.01 0.652832
0 0.716938 0.84375 0.00815217 0.01 0.657715
0 0.250906 0.860625 0.00905797 0.01125 0.658691
0 0.903986 0.608125 0.00724638 0.01125 0.65918
0 0.462862 0.3025 0.00905797 0.0125 0.662109
0 0.424366 0.561875 0.00815217 0.01375 0.664062
0 0.168025 0.52375 0.00815217 0.0125 0.665039
0 0.597826 0.975 0.00724638 0.01 0.66748
0 0.605072 0.67625 0.00724638 0.0125 0.669434
0 0.637681 0.810625 0.00905797 0.01125 0.671875
0 0.94067 0.159375 0.00815217 0.01125 0.677734
0 0.70154 0.830625 0.00815217 0.01125 0.678223
0 0.44067 0.57625 0.00815217 0.0125 0.678223
0 0.400815 0.076875 0.00815217 0.01125 0.679199
0 0.927989 0.606875 0.00815217 0.01125 0.68457
0 0.442029 0.7 0.00905797 0.0125 0.686035
0 0.993207 0.51375 0.00634058 0.01 0.686523
0 0.38587 0.029375 0.00724638 0.01125 0.6875
0 0.686594 0.881875 0.00724638 0.01125 0.689453
0 0.274909 0.108125 0.00815217 0.01125 0.69043
0 0.702446 0.8825 0.00634058 0.01 0.690918
0 0.522192 0.44125 0.00996377 0.0125 0.692871
0 0.830616 0.750625 0.00724638 0.01125 0.692871
0 0.407156 0.909375 0.00815217 0.01125 0.694336
0 0.563406 0.8725 0.00905797 0.0125 0.694336
0 0.545743 0.3925 0.00815217 0.0125 0.696289
0 0.157609 0.58125 0.00905797 0.0125 0.696777
0 0.637681 0.630625 0.00905797 0.01375 0.698242
0 0.803895 0.331875 0.00815217 0.01125 0.700195
0 0.428895 0.725 0.00815217 0.0125 0.70166
0 0.870924 0.769375 0.00815217 0.01125 0.70459
0 0.509964 0.49875 0.00905797 0.0125 0.706055
0 0.899909 0.295625 0.00815217 0.01125 0.706543
0 0.820199 0.86125 0.00815217 0.01 0.707031
0 0.266304 0.4625 0.00905797 0.0125 0.709473
0 0.776268 0.403125 0.00905797 0.01125 0.710938
0 0.502717 0.153125 0.00724638 0.01125 0.710938
0 0.290761 0.63125 0.00905797 0.0125 0.712402
0 0.640399 0.571875 0.00905797 0.01125 0.712402
0 0.351449 0.2925 0.00905797 0.0125 0.713379
0 0.769475 0.249375 0.00815217 0.01125 0.713867
0 0.228714 0.74125 0.00815217 0.0125 0.714844
0 0.272192 0.27125 0.00815217 0.0125 0.718262
0 0.879529 0.6075 0.00724638 0.0125 0.71875
0 0.503623 0.021875 0.00724638 0.01125 0.720703
0 0.514946 0.740625 0.00815217 0.01125 0.721191
0 0.824275 0.834375 0.00724638 0.01125 0.72168
0 0.477355 0.099375 0.00724638 0.01125 0.72168
0 0.430707 0.92875 0.00815217 0.0125 0.72168
0 0.452899 0.89625 0.00724638 0.01 0.723145
0 0.497283 0.394375 0.00905797 0.01375 0.726074
0 0.91712 0.22375 0.00815217 0.01 0.726562
0 0.470562 0.850625 0.00815217 0.01125 0.727051
0 0.870471 0.374375 0.00724638 0.01125 0.727539
0 0.831975 0.71125 0.00815217 0.0125 0.727539
0 0.244565 0.61 0.00905797 0.0125 0.728516
0 0.74683 0.37625 0.00815217 0.0125 0.729004
0 0.591033 0.52125 0.00815217 0.0125 0.72998
0 0.794384 0.485 0.00905797 0.0125 0.730957
0 0.308877 0.583125 0.00905797 0.01375 0.731445
0 0.278533 0.77625 0.00815217 0.0125 0.731934
0 0.209692 0.623125 0.00815217 0.01125 0.732422
0 0.208786 0.579375 0.00815217 0.01125 0.737305
0 0.570199 0.50875 0.00996377 0.0125 0.749512
0 0.611413 0.54125 0.00905797 0.0125 0.750977
0 0.532156 0.1875 0.00815217 0.0125 0.752441
0 0.547101 0.431875 0.00905797 0.01375 0.757812
0 0.90308 0.784375 0.00724638 0.01125 0.771484
