0 0.258605 0.6975 0.00815217 0.0125 0.625488
0 0.567482 0.95625 0.00815217 0.01 0.646484
0 0.230072 0.491875 0.00905797 0.01125 0.683105
0 0.810236 0.956875 0.00815217 0.01125 0.685059
0 0.284873 0.584375 0.00815217 0.01125 0.705078
0 0.850091 0.6 0.00996377 0.0125 0.714355
0 0.615942 0.84625 0.00905797 0.0125 0.720215
0 0.777174 0.480625 0.00905797 0.01125 0.730469
0 0.82971 0.3975 0.00905797 0.0125 0.73291
0 0.320652 0.3375 0.00905797 0.0125 0.734375
0 0.46875 0.48375 0.00996377 0.0125 0.737305
