0 0.240036 0.449375 0.00905797 0.01125 0.62207
0 0.538949 0.516875 0.00905797 0.01375 0.654785
0 0.544384 0.05625 0.00724638 0.01 0.686035
0 0.681159 0.936875 0.00724638 0.01125 0.692871
0 0.679801 0.07 0.00815217 0.01 0.696289
0 0.551178 0.096875 0.00815217 0.01125 0.702637
0 0.67346 0.275 0.00815217 0.0125 0.709961
0 0.602355 0.133125 0.00724638 0.01125 0.719238
0 0.989583 0.373125 0.00815217 0.01125 0.730957
0 0.564764 0.2925 0.00996377 0.0125 0.731445
0 0.546196 0.448125 0.00905797 0.01375 0.737305
0 0.42346 0.348125 0.00815217 0.01125 0.73877
0 0.309783 0.763125 0.00905797 0.01125 0.740723
0 0.346014 0.385 0.00905797 0.0125 0.742188
0 0.666214 0.53375 0.00815217 0.0125 0.743652
0 0.708333 0.53 0.00905797 0.0125 0.75
0 0.383605 0.7025 0.00815217 0.0125 0.752441
0 0.244565 0.5925 0.00905797 0.0125 0.753906
0 0.552536 0.351875 0.00905797 0.01375 0.753906
