0 0.240036 0.44625 0.00905797 0.0125 0.681641
0 0.551178 0.099375 0.00815217 0.01125 0.700684
0 0.603714 0.140625 0.00815217 0.01125 0.700684
0 0.679801 0.933125 0.00815217 0.01125 0.70752
0 0.547101 0.056875 0.00724638 0.01125 0.716309
0 0.985054 0.380625 0.00815217 0.01125 0.718262
0 0.564312 0.2925 0.00905797 0.0125 0.719238
0 0.682971 0.07 0.00724638 0.01 0.720703
0 0.539402 0.52125 0.00815217 0.0125 0.725586
0 0.34058 0.38875 0.00905797 0.0125 0.726074
0 0.307065 0.76125 0.00905797 0.0125 0.72998
0 0.673007 0.276875 0.00905797 0.01125 0.731934
0 0.709239 0.5275 0.00905797 0.0125 0.731934
0 0.387681 0.704375 0.00905797 0.01375 0.736328
0 0.546649 0.445 0.00815217 0.0125 0.739258
0 0.665308 0.54 0.00815217 0.0125 0.744141
0 0.246377 0.595625 0.00905797 0.01375 0.745117
0 0.552989 0.35 0.00996377 0.0125 0.750977
0 0.427989 0.349375 0.00815217 0.01125 0.766602
