0 0.419837 0.97625 0.00815217 0.0125 0.539551
0 0.630888 0.579375 0.00815217 0.01125 0.637207
0 0.250453 0.266875 0.00815217 0.01125 0.647461
0 0.379529 0.02375 0.00724638 0.01 0.65625
0 0.818841 0.945625 0.00724638 0.01125 0.678223
0 0.185688 0.238125 0.00724638 0.01125 0.678711
0 0.495924 0.024375 0.00815217 0.01125 0.695312
0 0.263134 0.083125 0.00815217 0.01125 0.695801
0 0.339674 0.3075 0.00905797 0.0125 0.698242
0 0.589674 0.960625 0.00905797 0.01125 0.702148
0 0.589221 0.53625 0.00815217 0.0125 0.704102
0 0.249547 0.468125 0.00815217 0.01125 0.706055
0 0.792572 0.313125 0.00724638 0.01125 0.709473
0 0.79212 0.4775 0.00815217 0.0125 0.710938
0 0.619112 0.63125 0.00815217 0.0125 0.716797
0 0.43433 0.705 0.00815217 0.0125 0.71875
0 0.492754 0.754375 0.00905797 0.01125 0.719238
0 0.5 0.495625 0.00905797 0.01375 0.72168
0 0.333786 0.085625 0.00815217 0.01125 0.725586
0 0.478714 0.08625 0.00815217 0.0125 0.725586
0 0.303895 0.578125 0.00815217 0.01125 0.726074
0 0.42663 0.733125 0.00724638 0.01125 0.726074
0 0.637681 0.818125 0.00905797 0.01125 0.727539
0 0.771286 0.284375 0.00815217 0.01125 0.728027
0 0.858696 0.37625 0.00724638 0.0125 0.729004
0 0.594656 0.66 0.00815217 0.0125 0.732422
0 0.26087 0.75375 0.00905797 0.0125 0.73584
0 0.28442 0.64375 0.00905797 0.0125 0.739258
0 0.384964 0.08 0.00905797 0.0125 0.739746
0 0.483696 0.78375 0.00724638 0.01 0.746582
0 0.868659 0.60125 0.00905797 0.0125 0.74707
0 0.500453 0.435 0.00996377 0.0125 0.755371
0 0.502264 0.403125 0.00996377 0.01375 0.760254
