0 0.418025 0.984375 0.00815217 0.01125 0.374756
0 0.483243 0.775625 0.00996377 0.01625 0.380127
0 0.787591 0.310625 0.00815217 0.01125 0.467041
0 0.481431 0.77875 0.00815217 0.0125 0.625488
0 0.433424 0.70375 0.00815217 0.0125 0.630859
0 0.817029 0.944375 0.00724638 0.01125 0.632324
0 0.493659 0.02625 0.00724638 0.01 0.643555
0 0.616395 0.6275 0.00815217 0.0125 0.673828
0 0.499547 0.404375 0.00996377 0.01375 0.675293
0 0.62817 0.580625 0.00815217 0.01125 0.677246
0 0.278986 0.648125 0.00905797 0.01125 0.683105
0 0.586504 0.963125 0.00815217 0.01125 0.687012
0 0.187953 0.236875 0.00815217 0.01125 0.688477
0 0.259964 0.080625 0.00724638 0.01125 0.689453
0 0.379982 0.078125 0.00815217 0.01125 0.693359
0 0.498188 0.426875 0.00905797 0.01375 0.693848
0 0.376812 0.02375 0.00724638 0.01 0.69873
0 0.592391 0.6575 0.00905797 0.0125 0.701172
0 0.490036 0.76 0.00905797 0.0125 0.714355
0 0.299819 0.5775 0.00905797 0.0125 0.716797
0 0.336504 0.31 0.00815217 0.0125 0.717285
0 0.479167 0.081875 0.00724638 0.01125 0.719727
0 0.247283 0.263125 0.00724638 0.01125 0.720703
0 0.867301 0.6 0.00996377 0.0125 0.72168
0 0.852355 0.374375 0.00724638 0.01125 0.725586
0 0.428442 0.728125 0.00905797 0.01125 0.73291
0 0.33288 0.084375 0.00815217 0.01125 0.734863
0 0.588768 0.54125 0.00905797 0.0125 0.737793
0 0.257246 0.749375 0.00905797 0.01375 0.739258
0 0.772192 0.293125 0.00815217 0.01125 0.739258
0 0.247283 0.47 0.00905797 0.0125 0.740723
0 0.634964 0.815625 0.00905797 0.01125 0.740723
0 0.789855 0.471875 0.00905797 0.01125 0.743164
0 0.495471 0.490625 0.00905797 0.01375 0.753906
