0 0.927989 0.446875 0.00815217 0.01125 0.371094
0 0.169837 0.37375 0.00815217 0.01 0.516113
0 0.558877 0.94625 0.00724638 0.01 0.545898
0 0.725543 0.705 0.00905797 0.0125 0.556152
0 0.650815 0.84375 0.00815217 0.0125 0.595215
0 0.861866 0.56125 0.00815217 0.0125 0.602051
0 0.348732 0.768125 0.00724638 0.01125 0.626953
0 0.397192 0.401875 0.00815217 0.01125 0.629395
0 0.413496 0.758125 0.00815217 0.01125 0.629883
0 0.945199 0.714375 0.00815217 0.01125 0.637207
0 0.966486 0.36 0.00724638 0.01 0.64502
0 0.932065 0.7475 0.00724638 0.0125 0.657715
0 0.80933 0.655 0.00815217 0.0125 0.672852
0 0.758605 0.04625 0.00634058 0.01 0.675781
0 0.732337 0.27125 0.00815217 0.01 0.6875
0 0.642663 0.17875 0.00634058 0.01 0.692383
0 0.894475 0.785 0.00815217 0.0125 0.709473
0 0.675272 0.331875 0.00815217 0.01125 0.710938
