0 0.950634 0.778125 0.00815217 0.01125 0.269531
0 0.509511 0.57625 0.00815217 0.0125 0.458496
0 0.841938 0.411875 0.00815217 0.01125 0.489746
0 0.533967 0.540625 0.00815217 0.01125 0.5625
0 0.98596 0.66625 0.00815217 0.0125 0.596191
0 0.740489 0.220625 0.00815217 0.01125 0.608887
0 0.37817 0.03625 0.00634058 0.01 0.623535
0 0.529891 0.51375 0.00905797 0.0125 0.625977
0 0.428895 0.22 0.00634058 0.01 0.64209
0 0.856431 0.67625 0.00815217 0.01 0.646484
0 0.337862 0.77625 0.00724638 0.01 0.647461
0 0.469203 0.663125 0.00724638 0.01125 0.653809
0 0.314312 0.74875 0.00724638 0.01 0.656738
0 0.866395 0.701875 0.00815217 0.01125 0.658691
0 0.83288 0.783125 0.00815217 0.01125 0.662109
0 0.640399 0.288125 0.00905797 0.01125 0.672852
0 0.306159 0.20375 0.00724638 0.01 0.673828
0 0.861866 0.626875 0.00815217 0.01125 0.682129
0 0.622283 0.200625 0.00724638 0.01125 0.683594
0 0.704257 0.43375 0.00815217 0.0125 0.687012
0 0.491395 0.531875 0.00815217 0.01125 0.6875
0 0.751812 0.398125 0.00724638 0.01125 0.687988
0 0.490489 0.290625 0.00815217 0.01125 0.691895
0 0.821105 0.611875 0.00815217 0.01125 0.692383
0 0.776721 0.429375 0.00815217 0.01125 0.692383
0 0.925272 0.574375 0.00815217 0.01125 0.693359
0 0.515851 0.723125 0.00815217 0.01125 0.693848
0 0.668478 0.279375 0.00724638 0.01125 0.695312
0 0.785779 0.720625 0.00815217 0.01125 0.695312
0 0.797554 0.454375 0.00815217 0.01125 0.695801
0 0.889946 0.635 0.00815217 0.0125 0.700684
0 0.877264 0.38375 0.00815217 0.01 0.720703
0 0.758605 0.486875 0.00815217 0.01125 0.726562
