0 0.295743 0.419375 0.00815217 0.01125 0.566406
0 0.711504 0.966875 0.00815217 0.01125 0.567383
0 0.925725 0.31 0.00724638 0.01 0.605469
0 0.294837 0.414375 0.00815217 0.01125 0.624023
0 0.613678 0.713125 0.00815217 0.01125 0.641602
0 0.322464 0.721875 0.00724638 0.01125 0.667969
0 0.879076 0.3025 0.00815217 0.01 0.670898
0 0.379529 0.15125 0.00724638 0.01 0.672852
0 0.418478 0.27875 0.00724638 0.0125 0.686523
0 0.308877 0.04625 0.00724638 0.01 0.70166
0 0.629076 0.635625 0.00815217 0.01125 0.703613
0 0.652627 0.57625 0.00815217 0.0125 0.731934
