0 0.427083 0.54625 0.00815217 0.0125 0.275391
0 0.569746 0.36875 0.00905797 0.0125 0.415039
0 0.33288 0.96 0.00815217 0.01 0.523926
0 0.344203 0.76125 0.00724638 0.01 0.525879
0 0.765399 0.304375 0.00724638 0.01125 0.663086
0 0.676178 0.249375 0.00815217 0.01125 0.674805
0 0.649004 0.855625 0.00815217 0.01125 0.67627
0 0.824728 0.386875 0.00815217 0.01125 0.676758
0 0.399004 0.925625 0.00815217 0.01125 0.69043
0 0.883605 0.700625 0.00815217 0.01125 0.691406
0 0.663949 0.685 0.00905797 0.0125 0.697266
0 0.87183 0.549375 0.00815217 0.01125 0.697754
0 0.719656 0.901875 0.00815217 0.01125 0.700195
0 0.383152 0.383125 0.00724638 0.01125 0.706055
0 0.750906 0.8575 0.00724638 0.01 0.709961
0 0.634511 0.7475 0.00815217 0.0125 0.712891
0 0.743207 0.709375 0.00815217 0.01125 0.71582
0 0.571558 0.725 0.00905797 0.0125 0.726074
