0 0.242301 0.741875 0.0117754 0.01375 0.356445
0 0.657156 0.78875 0.00996377 0.0125 0.39917
0 0.713315 0.98 0.00815217 0.01 0.643555
0 0.654438 0.79 0.00815217 0.0125 0.645996
0 0.217844 0.305 0.00815217 0.01 0.649902
0 0.668025 0.783125 0.00815217 0.01125 0.664062
0 0.23279 0.735 0.00905797 0.0125 0.666016
0 0.387228 0.073125 0.00815217 0.01125 0.683105
0 0.887228 0.225625 0.00815217 0.01125 0.686035
0 0.315217 0.09875 0.00905797 0.0125 0.689453
0 0.438859 0.83625 0.00815217 0.0125 0.691895
0 0.277174 0.824375 0.00905797 0.01125 0.704102
0 0.444746 0.71375 0.00905797 0.0125 0.705078
0 0.463768 0.8 0.00905797 0.0125 0.70752
0 0.248641 0.745625 0.00815217 0.01125 0.708008
0 0.893116 0.305625 0.00724638 0.01125 0.708008
0 0.536232 0.089375 0.00724638 0.01125 0.712891
0 0.36413 0.51375 0.00905797 0.0125 0.716797
0 0.697917 0.160625 0.00815217 0.01125 0.717773
0 0.731431 0.166875 0.00815217 0.01125 0.717773
0 0.365489 0.925625 0.00815217 0.01125 0.722656
0 0.526268 0.273125 0.00905797 0.01375 0.725586
0 0.342391 0.4625 0.00905797 0.0125 0.729492
0 0.805254 0.67125 0.00905797 0.0125 0.730469
0 0.452446 0.4075 0.00815217 0.0125 0.735352
0 0.39221 0.49625 0.00905797 0.0125 0.73584
0 0.401721 0.4275 0.00815217 0.0125 0.73877
0 0.483696 0.41875 0.00905797 0.0125 0.748047
0 0.37817 0.7725 0.00815217 0.0125 0.748535
0 0.632699 0.40375 0.00815217 0.0125 0.75
0 0.577899 0.456875 0.00905797 0.01375 0.758789
0 0.769475 0.549375 0.00815217 0.01125 0.769531
