0 0.685688 0.75875 0.00724638 0.01 0.421143
0 0.945199 0.515625 0.00815217 0.01125 0.619629
0 0.362772 0.43375 0.00815217 0.0125 0.631348
0 0.706069 0.65625 0.00815217 0.0125 0.658203
0 0.37183 0.873125 0.00815217 0.01125 0.665039
0 0.697917 0.521875 0.00815217 0.01125 0.685059
0 0.688859 0.398125 0.00815217 0.01125 0.685547
0 0.865489 0.82 0.00815217 0.01 0.697754
0 0.491848 0.4275 0.00905797 0.0125 0.701172
0 0.705616 0.60125 0.00905797 0.0125 0.711914
0 0.944293 0.35625 0.00815217 0.01 0.718262
0 0.388587 0.42625 0.00905797 0.0125 0.721191
