0 0.561141 0.71125 0.00815217 0.0125 0.379395
0 0.252264 0.745625 0.00815217 0.01125 0.613281
0 0.379982 0.9225 0.00815217 0.01 0.625
0 0.311594 0.03875 0.00724638 0.01 0.648926
0 0.554801 0.49125 0.00996377 0.0125 0.650391
0 0.639946 0.735 0.00815217 0.01 0.651855
0 0.667572 0.94625 0.00724638 0.01 0.657715
0 0.77038 0.301875 0.00634058 0.01125 0.660645
0 0.391304 0.316875 0.00724638 0.01125 0.675781
0 0.272645 0.75 0.00905797 0.0125 0.683594
0 0.228714 0.795625 0.00815217 0.01125 0.686035
0 0.683424 0.889375 0.00815217 0.01125 0.6875
0 0.723279 0.7025 0.00815217 0.0125 0.688477
0 0.572464 0.49375 0.00905797 0.0125 0.693848
0 0.726902 0.468125 0.00815217 0.01125 0.695312
0 0.603261 0.75625 0.00905797 0.0125 0.697266
0 0.683877 0.700625 0.00905797 0.01125 0.69873
0 0.557065 0.345 0.00905797 0.0125 0.702637
0 0.514493 0.21625 0.00724638 0.01 0.703125
0 0.789402 0.535 0.00815217 0.0125 0.706055
0 0.535779 0.241875 0.00815217 0.01125 0.70752
0 0.725543 0.816875 0.00724638 0.01125 0.708008
0 0.472826 0.299375 0.00724638 0.01125 0.713379
0 0.745924 0.3225 0.00815217 0.01 0.717285
0 0.302989 0.76375 0.00815217 0.0125 0.750977
