0 0.363225 0.05125 0.00724638 0.01 0.250732
0 0.884511 0.8175 0.00815217 0.01 0.267822
0 0.977808 0.245 0.00634058 0.01 0.290039
0 0.442029 0.8125 0.00905797 0.01 0.297363
0 0.221467 0.515625 0.00815217 0.01125 0.312012
0 0.307065 0.53125 0.00724638 0.01 0.342285
0 0.662138 0.5875 0.00905797 0.0125 0.350098
0 0.389946 0.688125 0.00815217 0.01125 0.370361
0 0.58288 0.949375 0.00815217 0.01125 0.38916
0 0.807971 0.920625 0.00724638 0.01125 0.39209
0 0.602355 0.94875 0.00724638 0.01 0.44458
0 0.55163 0.50125 0.00905797 0.0125 0.459717
0 0.987772 0.639375 0.00815217 0.01125 0.471191
0 0.453804 0.813125 0.00724638 0.01125 0.515137
0 0.581975 0.969375 0.00634058 0.01125 0.528809
0 0.788496 0.7075 0.00815217 0.01 0.537109
0 0.875453 0.210625 0.00634058 0.00875 0.545898
0 0.978261 0.52 0.00724638 0.01 0.55127
0 0.975996 0.541875 0.00815217 0.01125 0.570312
0 0.519475 0.575625 0.00815217 0.01125 0.571777
0 0.960145 0.770625 0.00724638 0.01125 0.575195
0 0.360507 0.778125 0.00724638 0.01125 0.584961
0 0.557065 0.3775 0.00905797 0.0125 0.587402
0 0.600091 0.37 0.00815217 0.0125 0.59668
0 0.208333 0.3175 0.00724638 0.01 0.59668
0 0.206522 0.763125 0.00724638 0.01125 0.600586
0 0.616848 0.39 0.00905797 0.0125 0.617676
0 0.643116 0.284375 0.00724638 0.01125 0.619141
0 0.217844 0.806875 0.00815217 0.01125 0.619629
0 0.89221 0.7325 0.00724638 0.0125 0.631348
0 0.674366 0.26125 0.00815217 0.01 0.634277
0 0.872736 0.645625 0.00815217 0.01125 0.636719
0 0.800725 0.44625 0.00724638 0.01 0.638672
0 0.927083 0.546875 0.00815217 0.01125 0.63916
0 0.69837 0.421875 0.00724638 0.01125 0.644531
0 0.898098 0.26125 0.00634058 0.01 0.64502
0 0.754982 0.370625 0.00815217 0.01125 0.646973
0 0.836051 0.388125 0.00724638 0.01125 0.648926
0 0.528986 0.34375 0.00905797 0.0125 0.655273
0 0.708333 0.7 0.00724638 0.0125 0.657227
0 0.276268 0.564375 0.00724638 0.01125 0.657227
0 0.789402 0.490625 0.00815217 0.01125 0.658203
0 0.323822 0.02875 0.00815217 0.01 0.660645
0 0.316123 0.19125 0.00724638 0.01 0.663574
0 0.302083 0.731875 0.00815217 0.01125 0.665039
0 0.428895 0.21 0.00815217 0.01 0.669922
0 0.688859 0.549375 0.00815217 0.01125 0.670898
0 0.924366 0.3125 0.00634058 0.01 0.673828
0 0.872736 0.595625 0.00815217 0.01125 0.675293
0 0.25317 0.5875 0.00815217 0.01 0.677734
0 0.88587 0.760625 0.00724638 0.01125 0.678223
0 0.471467 0.08375 0.00634058 0.01 0.683105
0 0.907156 0.61875 0.00815217 0.01 0.683594
0 0.63904 0.790625 0.00815217 0.01125 0.68457
0 0.742754 0.195 0.00724638 0.01 0.68457
0 0.836051 0.5775 0.00724638 0.0125 0.68457
0 0.763134 0.474375 0.00815217 0.01125 0.685547
0 0.496377 0.291875 0.00724638 0.01125 0.686035
0 0.439312 0.09375 0.00724638 0.01 0.686035
0 0.778533 0.409375 0.00815217 0.01125 0.6875
0 0.495471 0.525 0.00905797 0.0125 0.6875
0 0.903986 0.3425 0.00724638 0.01 0.689453
0 0.851902 0.18 0.00634058 0.01 0.697266
0 0.467844 0.624375 0.00815217 0.01125 0.699707
0 0.626359 0.75 0.00815217 0.0125 0.700195
0 0.54846 0.548125 0.00996377 0.01375 0.702148
0 0.528533 0.715 0.00815217 0.0125 0.703613
0 0.619565 0.1775 0.00724638 0.01 0.708008
0 0.88904 0.678125 0.00815217 0.01125 0.709961
0 0.841938 0.779375 0.00815217 0.01125 0.712402
0 0.658967 0.545 0.00815217 0.0125 0.71582
