0 0.788949 0.58 0.00724638 0.01 0.411133
0 0.440217 0.18875 0.00724638 0.01 0.454346
0 0.657609 0.17375 0.00724638 0.01 0.516602
0 0.659873 0.933125 0.00815217 0.01125 0.544434
0 0.268569 0.733125 0.00815217 0.01125 0.556152
0 0.561594 0.723125 0.00724638 0.01125 0.576172
0 0.414402 0.16875 0.00634058 0.01 0.577148
0 0.373188 0.914375 0.00724638 0.01125 0.581543
0 0.288043 0.3025 0.00724638 0.01 0.586914
0 0.783062 0.66625 0.00815217 0.01 0.595215
0 0.509511 0.211875 0.00815217 0.01125 0.608887
0 0.288496 0.8075 0.00815217 0.01 0.61084
0 0.89221 0.84 0.00724638 0.01 0.619629
0 0.438859 0.690625 0.00815217 0.01125 0.619629
0 0.457428 0.71375 0.00724638 0.0125 0.634277
0 0.540308 0.685 0.00815217 0.01 0.63623
0 0.961051 0.34125 0.00724638 0.01 0.637695
0 0.463768 0.29375 0.00724638 0.01 0.641602
0 0.600996 0.48 0.00815217 0.0125 0.642578
0 0.240036 0.753125 0.00905797 0.01125 0.647461
0 0.768116 0.2875 0.00724638 0.01 0.659668
0 0.543478 0.254375 0.00724638 0.01125 0.660156
0 0.648551 0.736875 0.00724638 0.01125 0.661133
0 0.559783 0.5525 0.00905797 0.0125 0.666504
0 0.543025 0.5175 0.00815217 0.0125 0.66748
0 0.235507 0.78875 0.00905797 0.0125 0.672852
0 0.805707 0.345625 0.00815217 0.01125 0.673828
0 0.565217 0.34625 0.00905797 0.0125 0.674805
0 0.757246 0.06125 0.00724638 0.01 0.677246
0 0.609149 0.768125 0.00815217 0.01125 0.677246
0 0.450634 0.663125 0.00815217 0.01125 0.686035
0 0.471014 0.170625 0.00724638 0.01125 0.687012
0 0.807518 0.318125 0.00634058 0.00875 0.689941
0 0.325181 0.06375 0.00724638 0.01 0.691895
0 0.335598 0.778125 0.00815217 0.01125 0.695801
0 0.673913 0.8675 0.00724638 0.01 0.697754
0 0.736866 0.339375 0.00815217 0.01125 0.702637
0 0.808424 0.04125 0.00634058 0.01 0.703613
0 0.475996 0.4375 0.00815217 0.0125 0.70459
0 0.544384 0.4825 0.00905797 0.0125 0.705566
0 0.728261 0.456875 0.00724638 0.01125 0.706055
0 0.776721 0.600625 0.00815217 0.01125 0.706543
0 0.689312 0.686875 0.00724638 0.01125 0.707031
0 0.392663 0.321875 0.00815217 0.01125 0.712891
0 0.811141 0.540625 0.00815217 0.01125 0.712891
0 0.727808 0.685 0.00815217 0.01 0.71582
0 0.750906 0.821875 0.00724638 0.01125 0.72168
0 0.470109 0.4975 0.00905797 0.0125 0.744629
