0 0.966486 0.504375 0.00905797 0.01375 0.256592
0 0.415308 0.63 0.00815217 0.0125 0.262451
0 0.42029 0.835625 0.00905797 0.01625 0.284912
0 0.139493 0.515625 0.00724638 0.01125 0.30249
0 0.419837 0.6375 0.00815217 0.0125 0.313721
0 0.418025 0.634375 0.00996377 0.01125 0.336914
0 0.370018 0.666875 0.00815217 0.01125 0.344238
0 0.140851 0.30875 0.00815217 0.0125 0.36377
0 0.154438 0.615625 0.00815217 0.01125 0.373047
0 0.977355 0.509375 0.0108696 0.01125 0.387451
0 0.363678 0.659375 0.00815217 0.01375 0.408936
0 0.418478 0.843125 0.00724638 0.01125 0.445068
0 0.960145 0.483125 0.00724638 0.01125 0.490234
0 0.596467 0.980625 0.00634058 0.01125 0.510742
0 0.249547 0.756875 0.00815217 0.01125 0.555176
0 0.504982 0.559375 0.00815217 0.01125 0.564941
0 0.824275 0.96875 0.00724638 0.01 0.571289
0 0.412591 0.38 0.00815217 0.0125 0.605469
0 0.495018 0.956875 0.00815217 0.01125 0.606445
0 0.970562 0.508125 0.00815217 0.01125 0.609375
0 0.420743 0.83125 0.00815217 0.0125 0.612305
0 0.682971 0.976875 0.00724638 0.01125 0.616211
0 0.15308 0.50125 0.00724638 0.01 0.62207
0 0.432971 0.9625 0.00724638 0.01 0.624023
0 0.377264 0.089375 0.00815217 0.01125 0.624512
0 0.983243 0.51125 0.00634058 0.01 0.625488
0 0.239583 0.8475 0.00815217 0.0125 0.629883
0 0.423007 0.564375 0.00905797 0.01125 0.630371
0 0.388587 0.599375 0.00905797 0.01125 0.642578
0 0.408062 0.59625 0.00815217 0.0125 0.643066
0 0.629529 0.236875 0.00724638 0.01125 0.646484
0 0.404438 0.7275 0.00815217 0.01 0.651367
0 0.280344 0.78375 0.00815217 0.0125 0.651855
0 0.741395 0.145 0.00815217 0.01 0.653809
0 0.914855 0.789375 0.00724638 0.01125 0.654297
0 0.512228 0.57625 0.00815217 0.0125 0.657227
0 0.348279 0.03 0.00815217 0.01 0.658203
0 0.385417 0.029375 0.00815217 0.01125 0.660156
0 0.158967 0.58375 0.00815217 0.0125 0.660645
0 0.881793 0.115 0.00815217 0.01 0.661621
0 0.71875 0.8525 0.00815217 0.01 0.664062
0 0.837409 0.08375 0.00634058 0.01 0.665039
0 0.374547 0.196875 0.00815217 0.01125 0.66748
0 0.936594 0.605 0.00724638 0.01 0.667969
0 0.84375 0.05375 0.00634058 0.01 0.669434
0 0.615036 0.03 0.00724638 0.01 0.672852
0 0.389946 0.971875 0.00815217 0.01125 0.679688
0 0.935236 0.160625 0.00815217 0.01125 0.680664
0 0.818841 0.868125 0.00724638 0.01125 0.681152
0 0.211504 0.623125 0.00815217 0.01125 0.681152
0 0.445652 0.701875 0.00905797 0.01125 0.681152
0 0.391757 0.7325 0.00815217 0.0125 0.681152
0 0.726449 0.12125 0.00724638 0.01 0.681641
0 0.504529 0.028125 0.00724638 0.01125 0.685059
0 0.434783 0.93125 0.00724638 0.01 0.688965
0 0.91712 0.2175 0.00815217 0.01 0.689941
0 0.825634 0.831875 0.00815217 0.01125 0.69043
0 0.234149 0.56 0.00815217 0.0125 0.69043
0 0.366395 0.0925 0.00815217 0.01 0.690918
0 0.332428 0.099375 0.00724638 0.01125 0.690918
0 0.82971 0.75125 0.00724638 0.01 0.691406
0 0.331522 0.3575 0.00905797 0.0125 0.692383
0 0.498641 0.394375 0.00815217 0.01125 0.692871
0 0.486413 0.789375 0.00724638 0.01125 0.693359
0 0.640851 0.574375 0.00815217 0.01125 0.695312
0 0.613678 0.221875 0.00815217 0.01125 0.695312
0 0.40625 0.076875 0.00815217 0.01125 0.696289
0 0.900815 0.305 0.00815217 0.01 0.69873
0 0.560688 0.87 0.00905797 0.0125 0.69873
0 0.17029 0.524375 0.00724638 0.01125 0.699707
0 0.781703 0.410625 0.00905797 0.01125 0.700684
0 0.260417 0.854375 0.00815217 0.01125 0.700684
0 0.425725 0.405 0.00905797 0.0125 0.701172
0 0.427989 0.7225 0.00815217 0.0125 0.702148
0 0.411232 0.91125 0.00724638 0.01 0.703613
0 0.20471 0.573125 0.00905797 0.01125 0.70459
0 0.697011 0.815 0.00815217 0.0125 0.70459
0 0.868207 0.771875 0.00815217 0.01125 0.70459
0 0.293025 0.631875 0.00815217 0.01125 0.706055
0 0.705616 0.885625 0.00724638 0.01125 0.706055
0 0.538496 0.186875 0.00815217 0.01125 0.706543
0 0.802989 0.335625 0.00815217 0.01125 0.70752
0 0.94067 0.434375 0.00815217 0.01125 0.708496
0 0.749547 0.374375 0.00815217 0.01125 0.709473
0 0.552536 0.391875 0.00905797 0.01125 0.711426
0 0.308877 0.58125 0.00905797 0.0125 0.711426
0 0.274909 0.274375 0.00815217 0.01125 0.712402
0 0.899004 0.14 0.00815217 0.01 0.714844
0 0.475543 0.105625 0.00724638 0.01125 0.714844
0 0.501812 0.159375 0.00724638 0.01125 0.715332
0 0.921649 0.421875 0.00815217 0.01125 0.71582
0 0.873641 0.3725 0.00815217 0.0125 0.71582
0 0.547101 0.438125 0.00905797 0.01375 0.719238
0 0.340127 0.331875 0.00815217 0.01125 0.719238
0 0.448822 0.576875 0.00815217 0.01125 0.719727
0 0.972826 0.713125 0.00724638 0.01125 0.720703
0 0.516757 0.740625 0.00815217 0.01125 0.72168
0 0.616395 0.53875 0.00815217 0.0125 0.722168
0 0.641304 0.633125 0.00905797 0.01375 0.722656
0 0.228261 0.740625 0.00905797 0.01125 0.724609
0 0.270833 0.46625 0.00905797 0.0125 0.725098
0 0.63587 0.81375 0.00905797 0.0125 0.725586
0 0.469203 0.84875 0.00905797 0.0125 0.725586
0 0.684783 0.885 0.00724638 0.01 0.725586
0 0.356431 0.28875 0.00815217 0.0125 0.726074
0 0.459239 0.90125 0.00724638 0.01 0.727539
0 0.608696 0.678125 0.00905797 0.01125 0.728516
0 0.277627 0.110625 0.00815217 0.01125 0.728516
0 0.771739 0.245625 0.00724638 0.01125 0.728516
0 0.509964 0.50125 0.00905797 0.0125 0.729004
0 0.382246 0.176875 0.00724638 0.01125 0.731445
0 0.880435 0.609375 0.00724638 0.01125 0.731934
0 0.835145 0.709375 0.00724638 0.01125 0.733398
0 0.904438 0.609375 0.00815217 0.01125 0.733398
0 0.460145 0.31875 0.00905797 0.0125 0.736816
0 0.469203 0.291875 0.00905797 0.01125 0.737305
0 0.245924 0.611875 0.00815217 0.01125 0.738281
0 0.569746 0.509375 0.00905797 0.01375 0.739746
0 0.588768 0.885625 0.00724638 0.01125 0.739746
0 0.795743 0.4875 0.00815217 0.0125 0.748047
0 0.527174 0.43875 0.00905797 0.0125 0.748535
0 0.595109 0.52 0.00905797 0.0125 0.753418
