0 0.386775 0.086875 0.00724638 0.01125 0.310791
0 0.380888 0.074375 0.00815217 0.01125 0.322266
0 0.214221 0.140625 0.00634058 0.00875 0.358398
0 0.896739 0.888125 0.00724638 0.00875 0.373535
0 0.383152 0.078125 0.00905797 0.01375 0.454346
0 0.384511 0.0825 0.00815217 0.0125 0.54834
0 0.995471 0.39625 0.00724638 0.01 0.550293
0 0.88904 0.51375 0.00815217 0.0125 0.61377
0 0.438859 0.939375 0.00815217 0.01125 0.618652
0 0.424819 0.930625 0.00905797 0.01125 0.667969
0 0.5625 0.04375 0.00724638 0.01 0.67627
0 0.308424 0.484375 0.00815217 0.01125 0.67627
0 0.321105 0.050625 0.00815217 0.01125 0.687012
0 0.562953 0.101875 0.00815217 0.01125 0.6875
0 0.705163 0.05375 0.00634058 0.01 0.687988
0 0.535326 0.59125 0.00905797 0.0125 0.688477
0 0.308424 0.455 0.00815217 0.0125 0.692871
0 0.893116 0.365625 0.00724638 0.01125 0.697266
0 0.311594 0.091875 0.00724638 0.01125 0.707031
0 0.830616 0.29375 0.00724638 0.01 0.70752
0 0.912591 0.375 0.00815217 0.0125 0.708008
0 0.348279 0.37375 0.00815217 0.0125 0.709961
0 0.566123 0.440625 0.00905797 0.01375 0.709961
0 0.508152 0.44625 0.00905797 0.0125 0.712402
0 0.558424 0.5325 0.00815217 0.0125 0.712891
0 0.680707 0.9075 0.00815217 0.0125 0.716797
0 0.810236 0.310625 0.00815217 0.01125 0.716797
0 0.62183 0.161875 0.00815217 0.01125 0.71875
0 0.456069 0.330625 0.00815217 0.01125 0.722168
0 0.684783 0.27 0.00724638 0.0125 0.723145
0 0.727355 0.5125 0.00905797 0.0125 0.725586
0 0.309783 0.74875 0.00905797 0.0125 0.726074
0 0.258605 0.43125 0.00815217 0.0125 0.728027
0 0.868659 0.53125 0.00724638 0.0125 0.733398
0 0.55933 0.33875 0.00996377 0.0125 0.736816
0 0.672101 0.54125 0.00905797 0.0125 0.737793
0 0.578804 0.2725 0.00905797 0.0125 0.739258
0 0.512681 0.50375 0.00905797 0.0125 0.741211
0 0.250906 0.598125 0.00905797 0.01375 0.744629
0 0.408062 0.691875 0.00996377 0.01375 0.754395
