0 0.312047 0.065 0.00815217 0.0125 0.624512
0 0.292572 0.48875 0.00905797 0.0125 0.653809
0 0.802083 0.311875 0.00815217 0.01125 0.677246
0 0.444293 0.33875 0.00815217 0.0125 0.682617
0 0.308424 0.0825 0.00815217 0.0125 0.682617
0 0.499094 0.459375 0.00905797 0.01375 0.687012
0 0.549819 0.526875 0.00905797 0.01375 0.692871
0 0.558424 0.106875 0.00815217 0.01125 0.693848
0 0.717391 0.520625 0.00905797 0.01375 0.702637
0 0.696558 0.06125 0.00724638 0.01 0.703125
0 0.247736 0.436875 0.00815217 0.01125 0.703125
0 0.556612 0.049375 0.00815217 0.01125 0.703613
0 0.552989 0.3425 0.00996377 0.0125 0.712402
0 0.680254 0.919375 0.00905797 0.01125 0.712402
0 0.305254 0.7575 0.00905797 0.0125 0.71582
0 0.677989 0.271875 0.00815217 0.01125 0.720703
0 0.341033 0.381875 0.00815217 0.01125 0.722656
0 0.398551 0.6975 0.00905797 0.0125 0.727539
0 0.610507 0.154375 0.00724638 0.01125 0.730469
0 0.569746 0.28375 0.00905797 0.0125 0.731934
0 0.820199 0.29625 0.00815217 0.0125 0.732422
0 0.553442 0.445 0.00905797 0.0125 0.733887
0 0.247283 0.599375 0.00905797 0.01125 0.734863
0 0.669837 0.541875 0.00815217 0.01375 0.73584
0 0.295743 0.470625 0.00815217 0.01125 0.740234
0 0.990489 0.393125 0.00815217 0.01125 0.740723
0 0.509511 0.50375 0.00996377 0.0125 0.747559
