0 0.514493 0.14 0.00543478 0.01 0.454346
0 0.577446 0.36 0.00815217 0.01 0.508789
0 0.673007 0.9475 0.00724638 0.01 0.54248
0 0.688859 0.96 0.00815217 0.01 0.55957
0 0.525815 0.316875 0.00815217 0.01125 0.585938
0 0.705616 0.966875 0.00724638 0.01125 0.595215
0 0.310688 0.044375 0.00724638 0.01125 0.634766
0 0.51404 0.268125 0.00815217 0.01125 0.634766
0 0.856431 0.32125 0.00815217 0.01 0.639648
0 0.589221 0.31 0.00815217 0.01 0.641602
0 0.414855 0.283125 0.00724638 0.01125 0.660156
0 0.605978 0.711875 0.00724638 0.01125 0.665527
0 0.319293 0.721875 0.00815217 0.01125 0.681641
0 0.649004 0.564375 0.00815217 0.01125 0.684082
0 0.280344 0.36875 0.00815217 0.01 0.691895
0 0.382246 0.123125 0.00724638 0.01125 0.69873
0 0.295743 0.431875 0.00815217 0.01125 0.70459
0 0.932971 0.304375 0.00724638 0.01125 0.70752
0 0.620471 0.638125 0.00905797 0.01125 0.731445
