0 0.184783 0.324375 0.00724638 0.01125 0.275635
0 0.265851 0.56875 0.00815217 0.0125 0.380127
0 0.519022 0.571875 0.00905797 0.01125 0.427734
0 0.269475 0.564375 0.00815217 0.01125 0.435791
0 0.95788 0.773125 0.00815217 0.01125 0.447266
0 0.864583 0.65125 0.00815217 0.01 0.512695
0 0.625906 0.759375 0.00724638 0.01125 0.524414
0 0.882699 0.768125 0.00815217 0.01125 0.53125
0 0.467391 0.08125 0.00724638 0.01 0.534668
0 0.701087 0.424375 0.00724638 0.01125 0.54248
0 0.837409 0.396875 0.00815217 0.01125 0.581055
0 0.886775 0.7425 0.00724638 0.01 0.595215
0 0.903986 0.269375 0.00724638 0.00875 0.603027
0 0.64221 0.285625 0.00724638 0.01125 0.608887
0 0.986866 0.648125 0.00815217 0.01125 0.621094
0 0.209239 0.7925 0.00724638 0.01 0.623047
0 0.205163 0.316875 0.00634058 0.00875 0.626465
0 0.828351 0.5875 0.00815217 0.01 0.633789
0 0.350543 0.77625 0.00724638 0.01 0.640625
0 0.542572 0.4975 0.00905797 0.0125 0.641602
0 0.785779 0.491875 0.00815217 0.01125 0.642578
0 0.778986 0.41625 0.00724638 0.01 0.643066
0 0.863678 0.20875 0.00634058 0.01 0.646484
0 0.546649 0.3725 0.00815217 0.0125 0.647949
0 0.44837 0.09125 0.00724638 0.01 0.654297
0 0.879529 0.6775 0.00724638 0.01 0.658691
0 0.314312 0.20125 0.00724638 0.01 0.65918
0 0.618659 0.184375 0.00724638 0.01125 0.661133
0 0.300725 0.733125 0.00724638 0.01125 0.661133
0 0.431159 0.21 0.00724638 0.01 0.662109
0 0.634511 0.788125 0.00815217 0.01125 0.664062
0 0.611413 0.386875 0.00905797 0.01125 0.668457
0 0.787591 0.71125 0.00815217 0.01 0.669434
0 0.529891 0.345625 0.00905797 0.01125 0.669434
0 0.658967 0.545 0.00815217 0.0125 0.672363
0 0.927083 0.55375 0.00815217 0.01 0.673828
0 0.498188 0.288125 0.00724638 0.01125 0.677246
0 0.544837 0.54625 0.00815217 0.0125 0.678223
0 0.496377 0.5275 0.00905797 0.0125 0.678711
0 0.742754 0.2 0.00724638 0.01 0.680664
0 0.800725 0.444375 0.00724638 0.01125 0.681152
0 0.896286 0.35125 0.00815217 0.01 0.683594
0 0.67346 0.544375 0.00815217 0.01125 0.685059
0 0.841486 0.771875 0.00724638 0.01125 0.689453
0 0.754076 0.376875 0.00815217 0.01125 0.696289
0 0.903986 0.618125 0.00724638 0.01125 0.697754
0 0.924366 0.31625 0.00634058 0.01 0.699707
0 0.464221 0.635625 0.00815217 0.01125 0.703613
0 0.526268 0.713125 0.00905797 0.01125 0.708496
0 0.763134 0.475625 0.00815217 0.01125 0.714844
0 0.868207 0.6025 0.00815217 0.01 0.715332
0 0.675272 0.2625 0.00815217 0.01 0.717773
