0 0.897645 0.8825 0.00724638 0.01 0.494385
0 0.220109 0.14 0.00724638 0.01 0.585938
0 0.313859 0.481875 0.00815217 0.01125 0.625
0 0.3125 0.741875 0.00905797 0.01125 0.64502
0 0.393569 0.089375 0.00815217 0.01125 0.661133
0 0.446558 0.946875 0.00905797 0.01125 0.669922
0 0.894022 0.51 0.00905797 0.0125 0.677246
0 0.313406 0.45125 0.00905797 0.0125 0.6875
0 0.529891 0.598125 0.00905797 0.01125 0.691406
0 0.377264 0.061875 0.00815217 0.01125 0.693848
0 0.893569 0.358125 0.00815217 0.01125 0.695312
0 0.51404 0.443125 0.00996377 0.01375 0.695801
0 0.564312 0.53125 0.00905797 0.0125 0.696289
0 0.260417 0.430625 0.00815217 0.01125 0.69873
0 0.548007 0.58 0.00905797 0.0125 0.703125
0 0.570199 0.4425 0.00815217 0.0125 0.706055
0 0.811594 0.315 0.00724638 0.01 0.708008
0 0.326087 0.045625 0.00724638 0.01125 0.710938
0 0.25317 0.598125 0.00815217 0.01125 0.711914
0 0.517663 0.504375 0.00996377 0.01375 0.718262
0 0.625906 0.168125 0.00724638 0.01125 0.71875
0 0.583786 0.26875 0.00815217 0.0125 0.721191
0 0.674819 0.54375 0.00905797 0.0125 0.72168
0 0.31567 0.095625 0.00815217 0.01125 0.722656
0 0.709692 0.053125 0.00634058 0.00875 0.723145
0 0.56567 0.044375 0.00815217 0.01125 0.723633
0 0.835145 0.290625 0.00724638 0.01125 0.726074
0 0.415761 0.69125 0.00905797 0.0125 0.726074
0 0.685236 0.901875 0.00815217 0.01125 0.727539
0 0.348279 0.369375 0.00815217 0.01125 0.727539
0 0.733696 0.50625 0.00905797 0.0125 0.729004
0 0.870471 0.538125 0.00724638 0.01125 0.72998
0 0.566576 0.099375 0.00815217 0.01125 0.731934
0 0.424366 0.925 0.00815217 0.0125 0.734863
0 0.689312 0.266875 0.00905797 0.01125 0.73584
0 0.462862 0.33125 0.00905797 0.0125 0.737305
0 0.559783 0.33625 0.00905797 0.0125 0.741699
0 0.921196 0.380625 0.00724638 0.01125 0.745605
