0 0.918025 0.800625 0.00815217 0.01125 0.26123
0 0.447011 0.70375 0.00996377 0.0125 0.313232
0 0.445652 0.699375 0.00724638 0.01125 0.330811
0 0.907156 0.869375 0.00815217 0.01125 0.331787
0 0.552989 0.545625 0.00815217 0.01375 0.338379
0 0.799366 0.32875 0.00815217 0.01 0.350342
0 0.799366 0.341875 0.00815217 0.01125 0.372559
0 0.561141 0.720625 0.00815217 0.01125 0.494385
0 0.799366 0.33625 0.00815217 0.0125 0.507324
0 0.93433 0.823125 0.00815217 0.01125 0.509766
0 0.898551 0.84625 0.00724638 0.01 0.525391
0 0.562953 0.344375 0.00815217 0.01125 0.553711
0 0.375906 0.915 0.00724638 0.01 0.57666
0 0.456975 0.1825 0.00815217 0.01 0.60498
0 0.54846 0.481875 0.00996377 0.01375 0.609863
0 0.543478 0.249375 0.00724638 0.01125 0.620605
0 0.463768 0.71 0.00724638 0.01 0.62207
0 0.660326 0.935 0.00724638 0.01 0.625488
0 0.54212 0.68875 0.00815217 0.0125 0.634766
0 0.483243 0.701875 0.00815217 0.01125 0.640137
0 0.321105 0.76875 0.00815217 0.0125 0.641602
0 0.769928 0.29 0.00724638 0.01 0.652344
0 0.674366 0.871875 0.00815217 0.01125 0.654785
0 0.511322 0.215625 0.00815217 0.01125 0.65625
0 0.452446 0.670625 0.00815217 0.01125 0.674805
0 0.644475 0.73375 0.00815217 0.0125 0.674805
0 0.759058 0.06 0.00724638 0.01 0.676758
0 0.605072 0.760625 0.00905797 0.01125 0.683105
0 0.27038 0.741875 0.00815217 0.01125 0.690918
0 0.744112 0.815625 0.00815217 0.01125 0.696777
0 0.545743 0.516875 0.00815217 0.01375 0.696777
0 0.801178 0.535 0.00815217 0.0125 0.700195
0 0.726449 0.45625 0.00905797 0.0125 0.703125
0 0.231884 0.79 0.00724638 0.01 0.705566
0 0.473279 0.44875 0.00815217 0.0125 0.706543
0 0.685688 0.689375 0.00724638 0.01125 0.70752
0 0.46558 0.296875 0.00724638 0.01125 0.708984
0 0.725543 0.68625 0.00905797 0.0125 0.710449
0 0.317482 0.055 0.00634058 0.01 0.715332
0 0.794384 0.04625 0.00724638 0.01 0.719727
0 0.38904 0.321875 0.00815217 0.01125 0.720215
0 0.741395 0.33625 0.00815217 0.01 0.720215
0 0.592391 0.483125 0.00905797 0.01375 0.730469
0 0.470109 0.4975 0.00905797 0.0125 0.739258
