0 0.699275 0.244375 0.00724638 0.01125 0.496582
0 0.700181 0.25 0.00905797 0.0125 0.51709
0 0.701087 0.255625 0.00724638 0.01125 0.59668
0 0.200181 0.73125 0.00905797 0.0125 0.650879
0 0.228714 0.29375 0.00815217 0.01 0.658691
0 0.380435 0.905625 0.00905797 0.01125 0.664062
0 0.913496 0.32625 0.00815217 0.01 0.676758
0 0.301178 0.09125 0.00815217 0.0125 0.677246
0 0.649004 0.3975 0.00815217 0.0125 0.677734
0 0.717844 0.94625 0.00815217 0.0125 0.692871
0 0.671196 0.45875 0.00905797 0.0125 0.700195
0 0.683424 0.325625 0.00815217 0.01125 0.70166
0 0.401721 0.065625 0.00815217 0.01125 0.702148
0 0.341486 0.45875 0.00905797 0.0125 0.705078
0 0.456522 0.686875 0.00905797 0.01375 0.705078
0 0.183424 0.72125 0.00815217 0.0125 0.706543
0 0.441123 0.834375 0.00905797 0.01125 0.710938
0 0.515851 0.069375 0.00815217 0.01125 0.710938
0 0.659873 0.496875 0.00815217 0.01125 0.713379
0 0.740489 0.240625 0.00815217 0.01125 0.713867
0 0.478714 0.789375 0.00815217 0.01125 0.714355
0 0.481431 0.071875 0.00815217 0.01125 0.714355
0 0.818841 0.670625 0.00905797 0.01125 0.714355
0 0.629076 0.634375 0.00815217 0.01125 0.718262
0 0.578804 0.444375 0.00905797 0.01375 0.719238
0 0.543931 0.074375 0.00815217 0.01125 0.719727
0 0.829257 0.095625 0.00634058 0.00875 0.720215
0 0.276268 0.80625 0.00905797 0.0125 0.72168
0 0.73596 0.270625 0.00815217 0.01125 0.722168
0 0.59375 0.679375 0.00815217 0.01125 0.723633
0 0.687953 0.755 0.00815217 0.0125 0.723633
0 0.745924 0.161875 0.00815217 0.01125 0.728027
0 0.408062 0.4825 0.00815217 0.0125 0.728027
0 0.690217 0.1425 0.00724638 0.01 0.729004
0 0.67029 0.374375 0.00905797 0.01125 0.729492
0 0.381793 0.769375 0.00815217 0.01375 0.72998
0 0.850996 0.09 0.00634058 0.01 0.730957
0 0.373188 0.51 0.00905797 0.0125 0.731934
0 0.232337 0.731875 0.00815217 0.01375 0.73291
0 0.882699 0.2025 0.00815217 0.01 0.734375
0 0.443841 0.395 0.00905797 0.0125 0.737793
0 0.776721 0.50875 0.00815217 0.0125 0.739746
0 0.572917 0.283125 0.00996377 0.01375 0.741699
0 0.497736 0.405 0.00996377 0.0125 0.742676
0 0.535326 0.2775 0.00905797 0.0125 0.743652
0 0.407609 0.4125 0.00905797 0.0125 0.750488
0 0.283967 0.709375 0.00815217 0.01125 0.750488
0 0.600543 0.28875 0.00905797 0.0125 0.755371
0 0.646739 0.8125 0.00905797 0.0125 0.755859
