0 0.745924 0.69125 0.00996377 0.0125 0.261963
0 0.389493 0.114375 0.00905797 0.01375 0.269287
0 0.301178 0.624375 0.00815217 0.01375 0.271729
0 0.738225 0.64875 0.00905797 0.015 0.296875
0 0.561594 0.434375 0.00905797 0.01375 0.306396
0 0.642663 0.569375 0.00815217 0.01375 0.319336
0 0.490036 0.233125 0.00905797 0.01375 0.374268
0 0.620924 0.289375 0.00815217 0.01125 0.405518
0 0.39221 0.44375 0.00905797 0.0125 0.410645
0 0.563859 0.638125 0.00996377 0.01375 0.412109
0 0.389493 0.11 0.00724638 0.01 0.425537
0 0.487772 0.229375 0.00815217 0.01375 0.430908
0 0.206069 0.424375 0.00815217 0.01125 0.435059
0 0.730978 0.343125 0.00905797 0.01375 0.436035
0 0.448822 0.11 0.00815217 0.0125 0.441895
0 0.466486 0.313125 0.00905797 0.01125 0.453857
0 0.501812 0.515 0.00905797 0.0125 0.458252
0 0.413949 0.24375 0.00905797 0.0125 0.459961
0 0.312953 0.173125 0.00815217 0.01125 0.4729
0 0.414855 0.5625 0.00905797 0.0125 0.484619
0 0.555254 0.359375 0.00905797 0.01375 0.487305
0 0.918931 0.590625 0.00815217 0.01125 0.495605
0 0.516304 0.963125 0.00724638 0.01125 0.495605
0 0.458786 0.57625 0.00815217 0.0125 0.501465
0 0.751812 0.948125 0.00724638 0.01125 0.508789
0 0.415761 0.96375 0.00724638 0.01 0.511719
0 0.458333 0.97875 0.00724638 0.01 0.522949
0 0.915761 0.59 0.00724638 0.0125 0.536621
0 0.576087 0.44625 0.00905797 0.0125 0.541016
0 0.55933 0.616875 0.00815217 0.01375 0.546875
0 0.563859 0.9275 0.00815217 0.01 0.570312
0 0.416667 0.24125 0.00724638 0.0125 0.572266
0 0.964221 0.2375 0.00815217 0.01 0.575195
0 0.576087 0.378125 0.00905797 0.01125 0.583984
0 0.658062 0.835625 0.00815217 0.01125 0.583984
0 0.866395 0.021875 0.00815217 0.01125 0.586426
0 0.625 0.22375 0.00905797 0.0125 0.593262
0 0.638134 0.925625 0.00815217 0.01125 0.598145
0 0.385417 0.978125 0.00815217 0.01125 0.602051
0 0.266757 0.59625 0.00815217 0.0125 0.60498
0 0.492754 0.23625 0.00905797 0.0125 0.605469
0 0.776721 0.39625 0.00815217 0.0125 0.606445
0 0.623188 0.915 0.00724638 0.01 0.606934
0 0.650362 0.818125 0.00724638 0.01125 0.61084
0 0.22962 0.466875 0.00815217 0.01125 0.614258
0 0.310688 0.0275 0.00724638 0.01 0.616211
0 0.58288 0.94875 0.00634058 0.01 0.616699
0 0.668025 0.7975 0.00815217 0.0125 0.616699
0 0.300272 0.255625 0.00815217 0.01125 0.617676
0 0.290761 0.04125 0.00724638 0.01 0.622559
0 0.268569 0.615625 0.00815217 0.01125 0.62793
0 0.576993 0.71625 0.00905797 0.0125 0.630859
0 0.501812 0.21875 0.00905797 0.0125 0.632812
0 0.537591 0.670625 0.00815217 0.01125 0.633789
0 0.260417 0.75625 0.00815217 0.0125 0.635254
0 0.330163 0.191875 0.00815217 0.01125 0.639648
0 0.77808 0.424375 0.00905797 0.01125 0.641113
0 0.395833 0.415 0.00905797 0.0125 0.642578
0 0.267663 0.114375 0.00815217 0.01125 0.642578
0 0.307518 0.191875 0.00815217 0.01125 0.643066
0 0.151721 0.406875 0.00815217 0.01125 0.645508
0 0.606884 0.50875 0.00905797 0.0125 0.645996
0 0.278533 0.6475 0.00815217 0.01 0.648926
0 0.410779 0.155625 0.00815217 0.01125 0.649414
0 0.164855 0.404375 0.00724638 0.01125 0.649414
0 0.737319 0.631875 0.00905797 0.01125 0.650391
0 0.65942 0.909375 0.00724638 0.01125 0.651367
0 0.279438 0.276875 0.00815217 0.01125 0.652344
0 0.172554 0.351875 0.00815217 0.01125 0.652832
0 0.782609 0.975625 0.00724638 0.01125 0.654297
0 0.548007 0.761875 0.00905797 0.01125 0.655273
0 0.738225 0.6875 0.00724638 0.01 0.655762
0 0.754076 0.053125 0.00815217 0.01125 0.656738
0 0.736866 0.66 0.00815217 0.0125 0.658691
0 0.838315 0.436875 0.00996377 0.01375 0.65918
0 0.720109 0.38625 0.00905797 0.0125 0.659668
0 0.981884 0.335625 0.00724638 0.01125 0.661621
0 0.848279 0.095625 0.00815217 0.01125 0.662598
0 0.379982 0.945 0.00815217 0.0125 0.663086
0 0.216033 0.446875 0.00815217 0.01125 0.665039
0 0.640399 0.95125 0.00724638 0.01 0.667969
0 0.152174 0.29875 0.00724638 0.01 0.667969
0 0.206522 0.53875 0.00905797 0.0125 0.668945
0 0.980525 0.599375 0.00815217 0.01125 0.669922
0 0.300272 0.260625 0.00815217 0.01125 0.669922
0 0.456069 0.3225 0.00815217 0.0125 0.671387
0 0.313859 0.290625 0.00815217 0.01125 0.671875
0 0.925272 0.660625 0.00815217 0.01125 0.671875
0 0.21875 0.5225 0.00815217 0.0125 0.672852
0 0.876359 0.203125 0.00815217 0.01125 0.673828
0 0.606431 0.961875 0.00815217 0.01125 0.673828
0 0.791667 0.9425 0.00724638 0.01 0.675293
0 0.876359 0.48 0.00815217 0.0125 0.676758
0 0.36096 0.170625 0.00815217 0.01125 0.677734
0 0.373641 0.54875 0.00815217 0.0125 0.677734
0 0.455163 0.695625 0.00815217 0.01125 0.678711
0 0.723279 0.365 0.00815217 0.0125 0.678711
0 0.499547 0.92 0.00815217 0.01 0.678711
0 0.738225 0.855625 0.00724638 0.01125 0.679199
0 0.868659 0.496875 0.00724638 0.01125 0.679688
0 0.75317 0.694375 0.00815217 0.01125 0.679688
0 0.389946 0.125625 0.00815217 0.01125 0.681152
0 0.646286 0.8475 0.00815217 0.01 0.681152
0 0.261775 0.4675 0.00905797 0.0125 0.681641
0 0.227355 0.308125 0.00905797 0.01125 0.681641
0 0.403533 0.071875 0.00815217 0.01125 0.682129
0 0.626359 0.28 0.00815217 0.0125 0.682617
0 0.297554 0.584375 0.00815217 0.01125 0.682617
0 0.501359 0.39625 0.00815217 0.0125 0.683105
0 0.759511 0.54125 0.00815217 0.0125 0.68457
0 0.566123 0.64 0.00905797 0.0125 0.68457
0 0.925272 0.364375 0.00815217 0.01125 0.68457
0 0.708786 0.945625 0.00815217 0.01125 0.685059
0 0.577446 0.170625 0.00815217 0.01125 0.685547
0 0.887228 0.305625 0.00815217 0.01125 0.686035
0 0.46875 0.105625 0.00815217 0.01125 0.686523
0 0.547554 0.424375 0.00996377 0.01375 0.687012
0 0.901721 0.561875 0.00815217 0.01125 0.687012
0 0.691123 0.745625 0.00905797 0.01125 0.6875
0 0.952446 0.529375 0.00815217 0.01125 0.687988
0 0.647645 0.030625 0.00724638 0.01125 0.688477
0 0.433877 0.953125 0.00724638 0.01125 0.689453
0 0.256341 0.8175 0.00905797 0.0125 0.69043
0 0.574728 0.909375 0.00815217 0.01125 0.692383
0 0.486866 0.29 0.00815217 0.0125 0.693359
0 0.753623 0.565 0.00905797 0.0125 0.696289
0 0.970562 0.538125 0.00815217 0.01125 0.697754
0 0.562953 0.7375 0.00815217 0.0125 0.697754
0 0.309783 0.788125 0.00905797 0.01125 0.697754
0 0.790308 0.035 0.00634058 0.01 0.698242
0 0.750453 0.24875 0.00815217 0.0125 0.700684
0 0.228714 0.688125 0.00815217 0.01125 0.700684
0 0.693841 0.328125 0.00905797 0.01125 0.701172
0 0.734149 0.288125 0.00815217 0.01125 0.70166
0 0.53125 0.889375 0.00815217 0.01125 0.70166
0 0.572011 0.35 0.00815217 0.0125 0.702148
0 0.310236 0.70375 0.00815217 0.0125 0.702148
0 0.694746 0.285 0.00905797 0.0125 0.703125
0 0.73596 0.32 0.00815217 0.0125 0.703613
0 0.740036 0.189375 0.00905797 0.01125 0.703613
0 0.547554 0.189375 0.00815217 0.01125 0.704102
0 0.333786 0.131875 0.00815217 0.01125 0.705566
0 0.444293 0.425 0.00815217 0.0125 0.706055
0 0.407609 0.255625 0.00905797 0.01125 0.707031
0 0.257699 0.28625 0.00815217 0.0125 0.707031
0 0.293931 0.789375 0.00815217 0.01125 0.70752
0 0.384964 0.22 0.00905797 0.0125 0.708008
0 0.697464 0.140625 0.00905797 0.01125 0.708008
0 0.598279 0.694375 0.00815217 0.01125 0.708496
0 0.421649 0.2125 0.00815217 0.0125 0.708496
0 0.501812 0.68625 0.00905797 0.0125 0.710449
0 0.244112 0.67625 0.00815217 0.0125 0.710449
0 0.629529 0.633125 0.00905797 0.01375 0.710449
0 0.427083 0.626875 0.00815217 0.01125 0.710938
0 0.692935 0.229375 0.00724638 0.01125 0.710938
0 0.685236 0.881875 0.00815217 0.01125 0.711426
0 0.667572 0.400625 0.00905797 0.01125 0.712402
0 0.274004 0.746875 0.00815217 0.01125 0.712402
0 0.627717 0.8225 0.00905797 0.0125 0.713379
0 0.935236 0.591875 0.00815217 0.01125 0.713867
0 0.743207 0.82375 0.00815217 0.0125 0.714844
0 0.828804 0.705625 0.00724638 0.01125 0.715332
0 0.772645 0.486875 0.00724638 0.01125 0.71582
0 0.804801 0.125 0.00815217 0.0125 0.71582
0 0.390851 0.64125 0.00815217 0.0125 0.716797
0 0.202899 0.75375 0.00905797 0.0125 0.719238
0 0.570652 0.2275 0.00905797 0.0125 0.719727
0 0.535326 0.634375 0.00905797 0.01375 0.719727
0 0.886775 0.650625 0.00724638 0.01125 0.721191
0 0.566576 0.28625 0.00815217 0.0125 0.72168
0 0.546649 0.074375 0.00815217 0.01125 0.722168
0 0.441576 0.665 0.00815217 0.0125 0.722168
0 0.654438 0.05875 0.00815217 0.01 0.723633
0 0.877264 0.269375 0.00815217 0.01125 0.724121
0 0.529891 0.305625 0.00905797 0.01125 0.724121
0 0.925725 0.786875 0.00724638 0.01125 0.724609
0 0.629076 0.205 0.00815217 0.0125 0.724609
0 0.234601 0.75125 0.00905797 0.0125 0.724609
0 0.438859 0.845 0.00815217 0.0125 0.724609
0 0.299366 0.6425 0.00815217 0.0125 0.724609
0 0.372283 0.785625 0.00905797 0.01125 0.726074
0 0.30163 0.614375 0.00905797 0.01125 0.728516
0 0.380888 0.894375 0.00815217 0.01125 0.729004
0 0.74683 0.101875 0.00815217 0.01125 0.729004
0 0.545743 0.219375 0.00815217 0.01125 0.730957
0 0.330616 0.47 0.00905797 0.0125 0.730957
0 0.90308 0.351875 0.00724638 0.01125 0.731445
0 0.654891 0.529375 0.00905797 0.01125 0.73291
0 0.648098 0.4175 0.00815217 0.0125 0.736328
0 0.515851 0.074375 0.00815217 0.01125 0.737305
0 0.603714 0.323125 0.00815217 0.01125 0.740723
0 0.977355 0.368125 0.00724638 0.01125 0.740723
0 0.507246 0.62 0.00905797 0.0125 0.741211
0 0.410779 0.48625 0.00815217 0.0125 0.743164
0 0.668478 0.461875 0.00905797 0.01375 0.749023
0 0.490036 0.8175 0.00905797 0.0125 0.749023
0 0.394475 0.686875 0.00815217 0.01125 0.749512
