0 0.658514 0.856875 0.00724638 0.01125 0.338623
0 0.930707 0.465625 0.00815217 0.01125 0.389404
0 0.572011 0.96125 0.00815217 0.01 0.546875
0 0.966486 0.368125 0.00724638 0.01125 0.554688
0 0.165761 0.393125 0.00724638 0.01125 0.575195
0 0.731884 0.72375 0.00905797 0.0125 0.58252
0 0.390851 0.398125 0.00815217 0.01125 0.646973
0 0.913496 0.795625 0.00815217 0.01125 0.652832
0 0.816576 0.674375 0.00815217 0.01125 0.654785
0 0.649004 0.1775 0.00815217 0.01 0.655273
0 0.865489 0.573125 0.00815217 0.01125 0.668457
0 0.380435 0.78875 0.00724638 0.01 0.67334
0 0.428442 0.78 0.00724638 0.01 0.683105
0 0.728714 0.301875 0.00815217 0.01125 0.708496
0 0.690217 0.349375 0.00724638 0.01125 0.710938
0 0.759964 0.06625 0.00724638 0.01 0.713867
