0 0.729167 0.73 0.00905797 0.015 0.252441
0 0.250453 0.3475 0.00815217 0.0125 0.256836
0 0.297554 0.380625 0.00634058 0.01125 0.276611
0 0.219656 0.455625 0.00815217 0.01125 0.290039
0 0.399004 0.8975 0.00815217 0.01 0.354004
0 0.508605 0.213125 0.00815217 0.01125 0.365723
0 0.348279 0.775625 0.00815217 0.01125 0.372559
0 0.272192 0.8025 0.00815217 0.0125 0.454346
0 0.755435 0.263125 0.00724638 0.00875 0.459229
0 0.546196 0.676875 0.00724638 0.01125 0.468506
0 0.494565 0.709375 0.00724638 0.01125 0.488037
0 0.66712 0.239375 0.00634058 0.00875 0.500488
0 0.443841 0.8325 0.00724638 0.01 0.51709
0 0.769928 0.28875 0.00724638 0.01 0.522461
0 0.874094 0.876875 0.00724638 0.01125 0.528809
0 0.288496 0.81625 0.00815217 0.01 0.556152
0 0.79846 0.635625 0.00815217 0.01125 0.58252
0 0.889946 0.829375 0.00815217 0.00875 0.584961
0 0.32971 0.075625 0.00724638 0.00875 0.593262
0 0.814764 0.034375 0.00634058 0.00875 0.597656
0 0.239583 0.753125 0.00815217 0.01125 0.600586
0 0.439312 0.430625 0.00724638 0.01125 0.602051
0 0.402174 0.898125 0.00724638 0.01125 0.605469
0 0.649457 0.19 0.00724638 0.01 0.610352
0 0.890851 0.888125 0.00815217 0.00875 0.611816
0 0.374547 0.09625 0.00634058 0.01 0.613281
0 0.663043 0.165 0.00724638 0.01 0.616211
0 0.293478 0.3125 0.00724638 0.01 0.622559
0 0.472373 0.82375 0.00815217 0.01 0.634766
0 0.733696 0.745625 0.00724638 0.01125 0.63623
0 0.29529 0.356875 0.00724638 0.01125 0.638184
0 0.726902 0.725 0.00815217 0.01 0.644043
0 0.390851 0.32 0.00815217 0.01 0.650879
0 0.750453 0.059375 0.00634058 0.00875 0.652344
0 0.469656 0.853125 0.00815217 0.01125 0.658691
0 0.610507 0.77875 0.00724638 0.01 0.660156
0 0.542572 0.5175 0.00905797 0.0125 0.664551
0 0.45471 0.7175 0.00724638 0.0125 0.667969
0 0.941576 0.3475 0.00634058 0.01 0.669434
0 0.834239 0.623125 0.00724638 0.01125 0.672852
0 0.788949 0.67375 0.00724638 0.01 0.674316
0 0.368207 0.91125 0.00815217 0.01 0.674316
0 0.695199 0.681875 0.00815217 0.01125 0.67627
0 0.441576 0.91625 0.00815217 0.01 0.677246
0 0.439312 0.195 0.00724638 0.01 0.677246
0 0.470109 0.15625 0.00724638 0.01 0.678223
0 0.726449 0.343125 0.00724638 0.01125 0.680176
0 0.460145 0.43125 0.00905797 0.0125 0.680664
0 0.271739 0.286875 0.00724638 0.01125 0.682129
0 0.250906 0.343125 0.00724638 0.01125 0.682129
0 0.410326 0.1825 0.00724638 0.01 0.685547
0 0.813406 0.305 0.00724638 0.01 0.685547
0 0.813859 0.61 0.00815217 0.01 0.692871
0 0.540761 0.47875 0.00905797 0.0125 0.694336
0 0.671196 0.856875 0.00724638 0.01125 0.694336
0 0.567029 0.3475 0.00905797 0.0125 0.694336
0 0.458333 0.294375 0.00724638 0.01125 0.695801
0 0.685688 0.220625 0.00724638 0.01125 0.69873
0 0.250453 0.36875 0.00815217 0.01 0.701172
0 0.728714 0.4525 0.00815217 0.0125 0.702148
0 0.658514 0.9275 0.00724638 0.01 0.702148
0 0.397192 0.104375 0.00634058 0.00875 0.702637
0 0.969656 0.3325 0.00634058 0.01 0.707031
0 0.810236 0.3475 0.00815217 0.01 0.710938
0 0.271286 0.72625 0.00815217 0.0125 0.712402
0 0.772645 0.605625 0.00724638 0.01125 0.712891
0 0.432971 0.6875 0.00905797 0.0125 0.712891
0 0.652174 0.735 0.00724638 0.01 0.712891
0 0.44837 0.659375 0.00724638 0.01125 0.713867
0 0.23596 0.789375 0.00815217 0.01125 0.71582
0 0.552083 0.2525 0.00815217 0.01 0.717285
0 0.796196 0.573125 0.00724638 0.01125 0.717773
0 0.565217 0.556875 0.00905797 0.01125 0.717773
0 0.477355 0.495 0.00905797 0.0125 0.719727
0 0.728714 0.688125 0.00815217 0.01125 0.720703
0 0.819293 0.539375 0.00815217 0.01125 0.72168
0 0.759058 0.826875 0.00724638 0.01125 0.72168
0 0.484149 0.43625 0.00815217 0.0125 0.724121
0 0.559783 0.72125 0.00905797 0.0125 0.727051
0 0.609149 0.47375 0.00815217 0.0125 0.739746
