0 0.552989 0.355 0.00996377 0.0125 0.633789
0 0.377264 0.92875 0.00815217 0.01 0.644531
0 0.22192 0.81 0.00724638 0.01 0.657227
0 0.390851 0.324375 0.00815217 0.01125 0.659668
0 0.713768 0.82625 0.00724638 0.01 0.671875
0 0.687953 0.919375 0.00815217 0.01125 0.686035
0 0.282156 0.77 0.00815217 0.0125 0.689453
0 0.728714 0.485625 0.00815217 0.01125 0.691895
0 0.622283 0.75625 0.00724638 0.0125 0.704102
0 0.775815 0.538125 0.00815217 0.01125 0.711914
0 0.717844 0.725625 0.00815217 0.01125 0.715332
0 0.687047 0.720625 0.00815217 0.01125 0.729004
0 0.484149 0.324375 0.00815217 0.01125 0.744141
