0 0.686594 0.761875 0.00724638 0.01125 0.499023
0 0.364583 0.433125 0.00815217 0.01125 0.613281
0 0.700634 0.65625 0.00815217 0.01 0.641602
0 0.384511 0.428125 0.00815217 0.01125 0.648926
0 0.699275 0.525625 0.00724638 0.01125 0.67627
0 0.720562 0.631875 0.00815217 0.01125 0.691895
0 0.709239 0.6075 0.00724638 0.0125 0.692871
0 0.492754 0.43 0.00905797 0.0125 0.699219
0 0.875906 0.835625 0.00724638 0.01125 0.699707
0 0.942935 0.35625 0.00724638 0.01 0.702637
0 0.939764 0.524375 0.00815217 0.01125 0.703125
0 0.688406 0.41 0.00905797 0.0125 0.726562
