0 0.17029 0.689375 0.00724638 0.01125 0.351562
0 0.383605 0.944375 0.00815217 0.01125 0.483887
0 0.6875 0.929375 0.00724638 0.01125 0.583984
0 0.224185 0.81375 0.00815217 0.01 0.644043
0 0.735507 0.501875 0.00724638 0.01125 0.662598
0 0.700634 0.72375 0.00815217 0.01 0.669434
0 0.268569 0.7725 0.00815217 0.0125 0.683105
0 0.715127 0.734375 0.00815217 0.01125 0.685059
0 0.388134 0.33375 0.00815217 0.01 0.691895
0 0.549366 0.36 0.00815217 0.0125 0.694336
0 0.710145 0.84375 0.00724638 0.01 0.703613
0 0.504529 0.34375 0.00905797 0.0125 0.706055
0 0.773098 0.548125 0.00815217 0.01125 0.707031
