0 0.34058 0.76125 0.00724638 0.01 0.376221
0 0.331522 0.95375 0.00724638 0.01 0.495117
0 0.673007 0.24875 0.00724638 0.01 0.662598
0 0.659873 0.681875 0.00815217 0.01125 0.666504
0 0.396739 0.929375 0.00724638 0.01125 0.678711
0 0.621377 0.744375 0.00724638 0.01125 0.681152
0 0.869565 0.549375 0.00724638 0.01125 0.683594
0 0.384964 0.374375 0.00905797 0.01125 0.683594
0 0.749547 0.858125 0.00815217 0.01125 0.6875
0 0.816576 0.38125 0.00815217 0.0125 0.688477
0 0.643569 0.858125 0.00815217 0.01125 0.696777
0 0.567482 0.36625 0.00815217 0.0125 0.700684
0 0.884511 0.705 0.00815217 0.01 0.703125
0 0.764493 0.303125 0.00724638 0.01125 0.709961
0 0.569746 0.725 0.00905797 0.0125 0.717285
0 0.745471 0.709375 0.00724638 0.01125 0.726074
0 0.721014 0.901875 0.00724638 0.01125 0.732422
