0 0.35462 0.669375 0.00815217 0.01125 0.465576
0 0.596014 0.635 0.00905797 0.0125 0.646484
0 0.581069 0.6425 0.00815217 0.0125 0.65332
0 0.23913 0.26125 0.00724638 0.01 0.655273
0 0.201087 0.239375 0.00724638 0.01125 0.655762
0 0.612772 0.5825 0.00815217 0.0125 0.65625
0 0.577899 0.9625 0.00905797 0.0125 0.671875
0 0.25317 0.07625 0.00815217 0.01 0.673828
0 0.626359 0.82625 0.00815217 0.0125 0.690918
0 0.840127 0.378125 0.00815217 0.01125 0.701172
0 0.481884 0.493125 0.00905797 0.01375 0.705078
0 0.85779 0.598125 0.00905797 0.01125 0.705566
0 0.235507 0.47625 0.00905797 0.0125 0.709473
0 0.252717 0.735625 0.00905797 0.01375 0.714844
0 0.329257 0.085 0.00815217 0.0125 0.721191
0 0.268569 0.660625 0.00815217 0.01125 0.728516
0 0.360054 0.081875 0.00815217 0.01125 0.730469
0 0.32654 0.323125 0.00815217 0.01125 0.731934
0 0.778986 0.473125 0.00724638 0.01125 0.733887
0 0.289855 0.58 0.00905797 0.0125 0.733887
0 0.814764 0.943125 0.00815217 0.01125 0.734375
0 0.578804 0.550625 0.00905797 0.01375 0.754883
