0 0.273551 0.74 0.00905797 0.01 0.294189
0 0.296649 0.634375 0.0117754 0.01375 0.384277
0 0.410779 0.210625 0.00815217 0.01125 0.38501
0 0.54846 0.744375 0.00815217 0.01125 0.41748
0 0.745924 0.085625 0.00815217 0.01125 0.479736
0 0.241395 0.45125 0.00815217 0.0125 0.47998
0 0.252717 0.456875 0.00905797 0.01125 0.491455
0 0.407156 0.208125 0.00815217 0.01125 0.516113
0 0.270833 0.743125 0.00905797 0.01125 0.516602
0 0.583786 0.925 0.00815217 0.0125 0.51709
0 0.613678 0.9475 0.00815217 0.01 0.521973
0 0.457428 0.975625 0.00724638 0.01125 0.560059
0 0.540308 0.656875 0.00815217 0.01125 0.617676
0 0.557065 0.730625 0.00905797 0.01125 0.621582
0 0.297101 0.02875 0.00724638 0.01 0.623047
0 0.636775 0.949375 0.00724638 0.01125 0.628418
0 0.4375 0.654375 0.00905797 0.01125 0.640137
0 0.17346 0.725625 0.00815217 0.01125 0.64209
0 0.153986 0.298125 0.00724638 0.01125 0.643555
0 0.754076 0.06 0.00815217 0.01 0.663086
0 0.661232 0.9025 0.00724638 0.01 0.668457
0 0.279438 0.103125 0.00815217 0.01125 0.669434
0 0.694293 0.2325 0.00815217 0.0125 0.669922
0 0.716938 0.944375 0.00815217 0.01125 0.67334
0 0.929801 0.58 0.00815217 0.0125 0.674805
0 0.89221 0.298125 0.00724638 0.01125 0.681641
0 0.455616 0.693125 0.00905797 0.01125 0.682617
0 0.825634 0.6875 0.00815217 0.0125 0.68457
0 0.532609 0.629375 0.00905797 0.01125 0.685059
0 0.59692 0.686875 0.00905797 0.01125 0.685059
0 0.226902 0.301875 0.00815217 0.01125 0.685547
0 0.396286 0.669375 0.00815217 0.01125 0.686035
0 0.575634 0.44625 0.00996377 0.0125 0.687012
0 0.696105 0.749375 0.00815217 0.01125 0.689453
0 0.724185 0.355 0.00815217 0.0125 0.690918
0 0.306612 0.7 0.00815217 0.0125 0.690918
0 0.399004 0.646875 0.00815217 0.01125 0.691895
0 0.643569 0.84 0.00815217 0.0125 0.692383
0 0.403533 0.071875 0.00815217 0.01125 0.692871
0 0.742754 0.241875 0.00905797 0.01125 0.697266
0 0.35779 0.161875 0.00724638 0.01125 0.699219
0 0.738225 0.284375 0.00905797 0.01125 0.70166
0 0.721467 0.3775 0.00815217 0.0125 0.702637
0 0.633152 0.63125 0.00905797 0.0125 0.705566
0 0.264946 0.81125 0.00815217 0.0125 0.706055
0 0.699728 0.274375 0.00815217 0.01125 0.708008
0 0.672101 0.388125 0.00905797 0.01125 0.709961
0 0.983696 0.60625 0.00724638 0.01 0.711914
0 0.691576 0.325625 0.00815217 0.01125 0.714844
0 0.772645 0.4925 0.00905797 0.0125 0.71582
0 0.813406 0.1075 0.00724638 0.01 0.716309
0 0.533062 0.88125 0.00815217 0.0125 0.71875
0 0.302083 0.634375 0.00815217 0.01125 0.720215
0 0.745471 0.183125 0.00724638 0.01125 0.720703
0 0.33288 0.144375 0.00815217 0.01125 0.720703
0 0.377264 0.776875 0.00815217 0.01125 0.720703
0 0.490036 0.805625 0.00905797 0.01125 0.721191
0 0.912591 0.5575 0.00815217 0.01 0.721191
0 0.379982 0.89875 0.00815217 0.0125 0.721191
0 0.408967 0.4825 0.00815217 0.0125 0.72168
0 0.509511 0.616875 0.00815217 0.01125 0.72168
0 0.669384 0.46 0.00905797 0.0125 0.725586
0 0.444746 0.40875 0.00905797 0.0125 0.726074
0 0.534873 0.29125 0.00815217 0.0125 0.727539
0 0.441123 0.843125 0.00905797 0.01125 0.727539
0 0.657609 0.515 0.00905797 0.0125 0.728027
0 0.853714 0.090625 0.00815217 0.01125 0.728027
0 0.883605 0.269375 0.00815217 0.01125 0.729004
0 0.921649 0.353125 0.00815217 0.01125 0.72998
0 0.690217 0.135625 0.00724638 0.01125 0.731445
0 0.928895 0.79875 0.00815217 0.0125 0.731445
0 0.427083 0.6275 0.00815217 0.0125 0.731445
0 0.502717 0.39875 0.00905797 0.0125 0.732422
0 0.514946 0.075625 0.00815217 0.01125 0.733887
0 0.378623 0.531875 0.00905797 0.01125 0.735352
0 0.476449 0.090625 0.00724638 0.01125 0.736328
0 0.651721 0.4075 0.00815217 0.0125 0.736816
0 0.546649 0.074375 0.00815217 0.01125 0.736816
0 0.281703 0.635625 0.00905797 0.01125 0.73877
0 0.332428 0.4675 0.00905797 0.0125 0.739258
0 0.20471 0.74125 0.00905797 0.0125 0.739258
0 0.879529 0.19875 0.00724638 0.01 0.739746
0 0.403533 0.413125 0.00996377 0.01375 0.740234
0 0.235054 0.745 0.00815217 0.0125 0.742188
0 0.608243 0.301875 0.00815217 0.01125 0.744141
0 0.509058 0.910625 0.00724638 0.01125 0.744629
0 0.505435 0.671875 0.00905797 0.01125 0.749023
0 0.686141 0.8925 0.00815217 0.01 0.752441
0 0.569293 0.2925 0.00996377 0.0125 0.759766
