0 0.4375 0.724375 0.00905797 0.01125 0.64209
0 0.320199 0.11 0.00815217 0.01 0.678223
0 0.891304 0.2525 0.00724638 0.0125 0.696289
0 0.362319 0.934375 0.00905797 0.01125 0.69873
0 0.375453 0.084375 0.00815217 0.01125 0.700684
0 0.276721 0.83375 0.00815217 0.0125 0.70166
0 0.452899 0.814375 0.00905797 0.01125 0.702148
0 0.363678 0.519375 0.00815217 0.01125 0.703613
0 0.581975 0.45875 0.00996377 0.0125 0.70459
0 0.216033 0.319375 0.00815217 0.01125 0.70752
0 0.524004 0.2775 0.00815217 0.0125 0.713379
0 0.528986 0.098125 0.00905797 0.01125 0.715332
0 0.436141 0.840625 0.00815217 0.01125 0.717285
0 0.379076 0.780625 0.00815217 0.01125 0.718262
0 0.797101 0.6625 0.00905797 0.0125 0.724609
0 0.885417 0.280625 0.00815217 0.01125 0.727539
0 0.398551 0.445 0.00905797 0.0125 0.729492
0 0.625906 0.426875 0.00905797 0.01375 0.733398
0 0.341033 0.473125 0.00815217 0.01125 0.73877
0 0.770833 0.586875 0.00905797 0.01125 0.742676
0 0.389493 0.505625 0.00905797 0.01125 0.771484
