0 0.666214 0.3575 0.00996377 0.015 0.266113
0 0.657609 0.48625 0.00905797 0.0125 0.275879
0 0.657156 0.49125 0.00815217 0.0125 0.485107
0 0.663496 0.361875 0.00815217 0.01125 0.623047
0 0.663496 0.471875 0.00815217 0.01125 0.640625
0 0.450634 0.6975 0.00815217 0.0125 0.658203
0 0.672554 0.34125 0.00815217 0.0125 0.663574
0 0.223279 0.2975 0.00815217 0.01 0.668457
0 0.881793 0.215625 0.00815217 0.01125 0.687988
0 0.575181 0.4475 0.00905797 0.0125 0.689941
0 0.713315 0.963125 0.00815217 0.01125 0.692871
0 0.638134 0.39875 0.00815217 0.0125 0.693359
0 0.508152 0.073125 0.00905797 0.01125 0.699219
0 0.30933 0.09875 0.00815217 0.0125 0.700195
0 0.538043 0.079375 0.00905797 0.01125 0.706055
0 0.265851 0.725625 0.00815217 0.01125 0.707031
0 0.404438 0.4175 0.00815217 0.0125 0.709473
0 0.593297 0.673125 0.00905797 0.01125 0.709961
0 0.679801 0.76875 0.00815217 0.0125 0.710449
0 0.811141 0.670625 0.00815217 0.01125 0.710938
0 0.435236 0.838125 0.00815217 0.01125 0.711914
0 0.223279 0.7325 0.00815217 0.0125 0.71582
0 0.366848 0.509375 0.00905797 0.01125 0.716309
0 0.617754 0.6525 0.00905797 0.0125 0.717773
0 0.339674 0.460625 0.00905797 0.01125 0.71875
0 0.488225 0.073125 0.00724638 0.01125 0.719238
0 0.488678 0.4075 0.00815217 0.0125 0.72168
0 0.688859 0.150625 0.00815217 0.01125 0.726074
0 0.533514 0.27375 0.00905797 0.0125 0.727539
0 0.772645 0.531875 0.00905797 0.01125 0.729004
0 0.643569 0.796875 0.00815217 0.01125 0.729004
0 0.375 0.918125 0.00905797 0.01125 0.729004
0 0.396286 0.069375 0.00815217 0.01125 0.731445
0 0.375453 0.770625 0.00815217 0.01125 0.731445
0 0.278533 0.815625 0.00815217 0.01125 0.733887
0 0.447011 0.4 0.00815217 0.0125 0.736816
0 0.471014 0.7975 0.00905797 0.0125 0.740723
0 0.740489 0.161875 0.00815217 0.01125 0.743652
0 0.400362 0.486875 0.00905797 0.01125 0.746094
0 0.90308 0.318125 0.00724638 0.01125 0.774414
