0 0.356884 0.669375 0.00905797 0.01125 0.380859
0 0.600996 0.585 0.00815217 0.0125 0.40625
0 0.361413 0.669375 0.00905797 0.01375 0.464111
0 0.247736 0.07125 0.00815217 0.01 0.541016
0 0.214221 0.254375 0.00815217 0.01125 0.649414
0 0.811594 0.948125 0.00724638 0.01125 0.678223
0 0.573822 0.959375 0.00815217 0.01125 0.688965
0 0.262681 0.678125 0.00724638 0.01125 0.690918
0 0.251359 0.72125 0.00815217 0.0125 0.705078
0 0.779438 0.478125 0.00815217 0.01125 0.71875
0 0.583333 0.563125 0.00905797 0.01375 0.722656
0 0.83288 0.386875 0.00815217 0.01125 0.72998
0 0.620471 0.84 0.00905797 0.0125 0.736816
0 0.288949 0.580625 0.00905797 0.01125 0.738281
0 0.474185 0.48875 0.00996377 0.0125 0.739258
0 0.853261 0.59625 0.00905797 0.0125 0.741699
0 0.233696 0.484375 0.00905797 0.01125 0.746094
0 0.322464 0.33125 0.00905797 0.0125 0.75
