0 0.557971 0.61 0.00905797 0.0125 0.267822
0 0.673007 0.665 0.00905797 0.015 0.291748
0 0.359601 0.80125 0.00905797 0.0125 0.298096
0 0.478714 0.321875 0.00996377 0.01375 0.325928
0 0.501359 0.970625 0.00815217 0.01375 0.341797
0 0.88904 0.638125 0.0117754 0.01125 0.397949
0 0.644475 0.97375 0.00634058 0.01 0.429443
0 0.260417 0.553125 0.00815217 0.01125 0.438232
0 0.576993 0.774375 0.00905797 0.01125 0.442627
0 0.5625 0.6075 0.00905797 0.0125 0.447754
0 0.596014 0.729375 0.00724638 0.01125 0.449463
0 0.532156 0.459375 0.00815217 0.01375 0.451904
0 0.612319 0.588125 0.00905797 0.01125 0.457275
0 0.581069 0.77375 0.00996377 0.0125 0.467285
0 0.272192 0.636875 0.00815217 0.01125 0.473877
0 0.196105 0.650625 0.00815217 0.01125 0.474365
0 0.797101 0.25375 0.00724638 0.01 0.475586
0 0.361866 0.811875 0.00815217 0.01125 0.476807
0 0.652627 0.635625 0.00815217 0.01125 0.493896
0 0.674366 0.670625 0.00815217 0.01125 0.507812
0 0.143569 0.515625 0.00815217 0.01125 0.510254
0 0.8125 0.903125 0.00724638 0.01125 0.510742
0 0.187047 0.6475 0.00815217 0.0125 0.512695
0 0.644475 0.01375 0.00634058 0.01 0.543457
0 0.470562 0.9125 0.00815217 0.0125 0.546875
0 0.669837 0.6475 0.00815217 0.0125 0.575195
0 0.185688 0.318125 0.00724638 0.01125 0.586426
0 0.344203 0.02375 0.00724638 0.01 0.597168
0 0.50317 0.97375 0.00815217 0.01 0.61084
0 0.25 0.484375 0.00905797 0.01125 0.614258
0 0.802083 0.90125 0.00815217 0.01 0.618652
0 0.470109 0.03 0.00724638 0.01 0.618652
0 0.567935 0.6025 0.00905797 0.0125 0.619141
0 0.817029 0.0675 0.00724638 0.01 0.623047
0 0.530344 0.454375 0.00815217 0.01375 0.626953
0 0.282609 0.649375 0.00724638 0.01125 0.62793
0 0.480978 0.328125 0.00905797 0.01125 0.628906
0 0.190217 0.300625 0.00724638 0.01125 0.632324
0 0.216033 0.524375 0.00815217 0.01125 0.634766
0 0.327446 0.1325 0.00815217 0.01 0.636719
0 0.664855 0.760625 0.00724638 0.01125 0.638672
0 0.213315 0.63125 0.00815217 0.0125 0.641113
0 0.585145 0.73625 0.00905797 0.0125 0.642578
0 0.221467 0.42125 0.00815217 0.0125 0.643555
0 0.408514 0.083125 0.00724638 0.01125 0.646973
0 0.214221 0.5475 0.00815217 0.0125 0.649902
0 0.308424 0.78875 0.00815217 0.0125 0.651367
0 0.80163 0.688125 0.00724638 0.01125 0.651367
0 0.199275 0.611875 0.00724638 0.01125 0.651855
0 0.71875 0.02375 0.00634058 0.01 0.654785
0 0.592391 0.57625 0.00905797 0.0125 0.659668
0 0.908514 0.63375 0.00724638 0.01 0.660645
0 0.817935 0.090625 0.00724638 0.01125 0.664551
0 0.238225 0.240625 0.00724638 0.01125 0.665039
0 0.495018 0.39 0.00815217 0.0125 0.665527
0 0.543478 0.425 0.00905797 0.0125 0.666504
0 0.802083 0.803125 0.00815217 0.01125 0.668945
0 0.719656 0.26875 0.00815217 0.0125 0.669434
0 0.738225 0.78375 0.00724638 0.01 0.67041
0 0.675272 0.2075 0.00815217 0.01 0.670898
0 0.383605 0.06875 0.00815217 0.01 0.671387
0 0.846014 0.485625 0.00724638 0.01125 0.671387
0 0.972826 0.398125 0.00724638 0.01125 0.671875
0 0.550272 0.761875 0.00815217 0.01125 0.673828
0 0.783514 0.780625 0.00724638 0.01125 0.674316
0 0.341938 0.1025 0.00815217 0.01 0.675781
0 0.978714 0.378125 0.00815217 0.01125 0.676758
0 0.356431 0.350625 0.00815217 0.01125 0.677246
0 0.526721 0.286875 0.00815217 0.01125 0.678223
0 0.87183 0.76875 0.00815217 0.0125 0.678711
0 0.358696 0.79625 0.00724638 0.0125 0.680176
0 0.885417 0.639375 0.00815217 0.01125 0.681641
0 0.348732 0.220625 0.00905797 0.01125 0.682129
0 0.718297 0.591875 0.00905797 0.01125 0.682617
0 0.95788 0.229375 0.00815217 0.01125 0.683594
0 0.324728 0.826875 0.00815217 0.01125 0.686035
0 0.88904 0.843125 0.00815217 0.01125 0.686035
0 0.751359 0.56875 0.00815217 0.0125 0.686035
0 0.341033 0.71 0.00815217 0.0125 0.686523
0 0.82654 0.864375 0.00815217 0.01125 0.686523
0 0.634058 0.87 0.00724638 0.0125 0.687012
0 0.425272 0.88125 0.00815217 0.0125 0.687012
0 0.492754 0.361875 0.00905797 0.01125 0.687988
0 0.288043 0.4275 0.00905797 0.0125 0.689453
0 0.932065 0.21125 0.00724638 0.01 0.689941
0 0.342391 0.43625 0.00905797 0.0125 0.689941
0 0.672101 0.77875 0.00905797 0.0125 0.690918
0 0.586957 0.249375 0.00905797 0.01125 0.690918
0 0.32654 0.6025 0.00815217 0.0125 0.691406
0 0.627264 0.606875 0.00815217 0.01125 0.691895
0 0.884511 0.46 0.00996377 0.0125 0.691895
0 0.300272 0.763125 0.00815217 0.01125 0.692871
0 0.965127 0.675625 0.00815217 0.01125 0.692871
0 0.275362 0.813125 0.00905797 0.01125 0.693359
0 0.695199 0.18125 0.00815217 0.01 0.694824
0 0.894475 0.701875 0.00815217 0.01125 0.695801
0 0.157609 0.455625 0.00724638 0.01125 0.696289
0 0.252264 0.600625 0.00815217 0.01125 0.696289
0 0.900815 0.453125 0.00815217 0.01125 0.696777
0 0.856431 0.30375 0.00815217 0.0125 0.698242
0 0.325634 0.854375 0.00815217 0.01125 0.700195
0 0.938859 0.505625 0.00815217 0.01125 0.700195
0 0.763134 0.780625 0.00815217 0.01125 0.700195
0 0.278986 0.270625 0.00724638 0.01125 0.701172
0 0.429801 0.119375 0.00815217 0.01125 0.701172
0 0.319293 0.729375 0.00815217 0.01125 0.701172
0 0.764493 0.5125 0.00905797 0.0125 0.702148
0 0.727808 0.75375 0.00815217 0.01 0.702148
0 0.227355 0.790625 0.00905797 0.01125 0.702637
0 0.365489 0.71375 0.00815217 0.0125 0.70459
0 0.251812 0.305625 0.00724638 0.01125 0.705078
0 0.449728 0.70125 0.00815217 0.0125 0.705078
0 0.348279 0.554375 0.00815217 0.01125 0.705566
0 0.647192 0.07 0.00634058 0.01 0.705566
0 0.656703 0.0975 0.00724638 0.01 0.706055
0 0.355525 0.52125 0.00815217 0.0125 0.706055
0 0.260417 0.209375 0.00815217 0.01125 0.706055
0 0.820199 0.584375 0.00815217 0.01125 0.70752
0 0.73279 0.5725 0.00905797 0.0125 0.708008
0 0.94837 0.42 0.00724638 0.01 0.708496
0 0.828351 0.473125 0.00815217 0.01125 0.708496
0 0.553442 0.520625 0.00905797 0.01375 0.708496
0 0.703351 0.760625 0.00815217 0.01125 0.708496
0 0.172554 0.516875 0.00815217 0.01125 0.708496
0 0.953351 0.62375 0.00815217 0.0125 0.708984
0 0.510417 0.391875 0.00996377 0.01375 0.709473
0 0.542572 0.32625 0.00905797 0.0125 0.709473
0 0.836051 0.343125 0.00724638 0.01125 0.710449
0 0.397192 0.221875 0.00815217 0.01125 0.712402
0 0.524004 0.065625 0.00815217 0.01125 0.712891
0 0.650815 0.199375 0.00815217 0.01125 0.713379
0 0.603714 0.78 0.00815217 0.0125 0.713867
0 0.680254 0.555 0.00905797 0.0125 0.713867
0 0.302536 0.6225 0.00905797 0.0125 0.713867
0 0.776721 0.72125 0.00815217 0.0125 0.714355
0 0.761322 0.06375 0.00815217 0.01 0.714844
0 0.27038 0.77625 0.00815217 0.0125 0.714844
0 0.509511 0.29875 0.00815217 0.0125 0.71582
0 0.279891 0.483125 0.00905797 0.01125 0.716309
0 0.452899 0.535625 0.00905797 0.01125 0.716797
0 0.884511 0.7925 0.00815217 0.01 0.717773
0 0.521739 0.339375 0.00905797 0.01125 0.718262
0 0.553895 0.04125 0.00815217 0.01 0.718262
0 0.24683 0.123125 0.00815217 0.01125 0.71875
0 0.913949 0.340625 0.00724638 0.01125 0.720215
0 0.836051 0.42625 0.00905797 0.0125 0.720215
0 0.807065 0.643125 0.00724638 0.01125 0.720215
0 0.485507 0.63125 0.00905797 0.0125 0.720215
0 0.471467 0.659375 0.00815217 0.01125 0.721191
0 0.684783 0.876875 0.00724638 0.01125 0.722168
0 0.575181 0.325 0.00905797 0.0125 0.723145
0 0.245924 0.43625 0.00815217 0.0125 0.723633
0 0.876359 0.5925 0.00815217 0.0125 0.723633
0 0.591486 0.050625 0.00724638 0.01125 0.724121
0 0.83288 0.38625 0.00815217 0.0125 0.725098
0 0.436594 0.49375 0.00905797 0.0125 0.725098
0 0.274457 0.308125 0.00724638 0.01125 0.727539
0 0.296649 0.228125 0.00815217 0.01125 0.727539
0 0.630888 0.263125 0.00815217 0.01125 0.728516
0 0.613225 0.4575 0.00905797 0.0125 0.730469
0 0.754982 0.62 0.00815217 0.0125 0.731445
0 0.32654 0.2375 0.00815217 0.0125 0.731934
0 0.594203 0.118125 0.00724638 0.01125 0.732422
0 0.423007 0.220625 0.00905797 0.01125 0.73584
0 0.359149 0.470625 0.00815217 0.01125 0.73584
0 0.643116 0.6875 0.00905797 0.0125 0.741211
0 0.470562 0.311875 0.00815217 0.01125 0.742188
0 0.532609 0.616875 0.00905797 0.01375 0.745117
0 0.552989 0.889375 0.00815217 0.01125 0.748535
0 0.566576 0.250625 0.00815217 0.01125 0.75
0 0.59692 0.539375 0.00905797 0.01375 0.750977
0 0.702899 0.7825 0.00724638 0.01 0.754883
