0 0.269022 0.26875 0.00724638 0.01 0.458496
0 0.720562 0.338125 0.00815217 0.01125 0.524902
0 0.346014 0.69375 0.00724638 0.01 0.569824
0 0.492754 0.42875 0.00905797 0.0125 0.611328
0 0.369112 0.85375 0.00815217 0.01 0.617188
0 0.700634 0.515625 0.00815217 0.01125 0.633301
0 0.293478 0.31125 0.00724638 0.01 0.633789
0 0.561594 0.090625 0.00724638 0.01125 0.635254
0 0.94837 0.514375 0.00724638 0.01125 0.640625
0 0.722373 0.334375 0.00815217 0.01125 0.644043
0 0.362319 0.43625 0.00905797 0.0125 0.650391
0 0.71875 0.61625 0.00815217 0.0125 0.660645
0 0.535326 0.09625 0.00724638 0.01 0.665527
0 0.685688 0.750625 0.00724638 0.01125 0.672852
0 0.706069 0.646875 0.00815217 0.01125 0.69043
0 0.859149 0.804375 0.00815217 0.01125 0.697266
0 0.949728 0.35625 0.00815217 0.01 0.713379
0 0.689764 0.388125 0.00815217 0.01125 0.726074
0 0.391304 0.419375 0.00905797 0.01125 0.727539
0 0.703351 0.59125 0.00815217 0.0125 0.735352
