0 0.46558 0.424375 0.00905797 0.01375 0.404541
0 0.469656 0.425625 0.00815217 0.01125 0.579102
0 0.217391 0.31625 0.00724638 0.01 0.625488
0 0.363678 0.93375 0.00815217 0.0125 0.668457
0 0.526268 0.27625 0.00905797 0.0125 0.678223
0 0.532156 0.09375 0.00815217 0.0125 0.687012
0 0.363678 0.5175 0.00815217 0.0125 0.687012
0 0.318388 0.108125 0.00815217 0.01125 0.687988
0 0.629076 0.42125 0.00815217 0.0125 0.703613
0 0.802536 0.66375 0.00905797 0.0125 0.705566
0 0.379982 0.780625 0.00815217 0.01125 0.706055
0 0.277627 0.8325 0.00815217 0.0125 0.706543
0 0.377264 0.08125 0.00815217 0.0125 0.709961
0 0.391757 0.5025 0.00815217 0.0125 0.711426
0 0.890851 0.240625 0.00815217 0.01125 0.716797
0 0.399457 0.44125 0.00905797 0.0125 0.719727
0 0.579257 0.458125 0.00996377 0.01375 0.723633
0 0.437953 0.72125 0.00815217 0.0125 0.724121
0 0.434783 0.84 0.00905797 0.0125 0.724121
0 0.34058 0.46625 0.00905797 0.0125 0.731934
0 0.886775 0.289375 0.00724638 0.01125 0.734863
0 0.771286 0.576875 0.00815217 0.01125 0.740723
0 0.45788 0.809375 0.00815217 0.01125 0.745605
