0 0.146739 0.38625 0.00724638 0.01 0.54834
0 0.663496 0.846875 0.00815217 0.01125 0.578613
0 0.44067 0.558125 0.00815217 0.01125 0.628906
0 0.705163 0.27 0.00815217 0.01 0.635742
0 0.718297 0.90375 0.00724638 0.01 0.648438
0 0.88904 0.570625 0.00815217 0.01125 0.649902
0 0.359149 0.74 0.00815217 0.0125 0.658203
0 0.400362 0.921875 0.00724638 0.01125 0.658691
0 0.572011 0.375 0.00815217 0.0125 0.683594
0 0.744112 0.720625 0.00815217 0.01125 0.68457
0 0.37183 0.406875 0.00815217 0.01125 0.689453
0 0.772192 0.323125 0.00815217 0.01125 0.694336
0 0.685236 0.72 0.00815217 0.0125 0.694336
0 0.75317 0.85 0.00815217 0.01 0.700195
0 0.572917 0.72625 0.00815217 0.0125 0.701172
0 0.816576 0.383125 0.00815217 0.01125 0.708496
0 0.897645 0.694375 0.00724638 0.01125 0.710938
0 0.668025 0.77875 0.00815217 0.01 0.718262
