0 0.327899 0.94875 0.00724638 0.01 0.326172
0 0.292572 0.28125 0.00724638 0.01 0.467773
0 0.585145 0.15 0.00724638 0.01 0.535645
0 0.396286 0.9325 0.00815217 0.01 0.549316
0 0.614583 0.740625 0.00815217 0.01125 0.62793
0 0.331069 0.77125 0.00815217 0.01 0.661621
0 0.865489 0.5475 0.00815217 0.0125 0.664551
0 0.744112 0.70125 0.00815217 0.0125 0.670898
0 0.553442 0.086875 0.00724638 0.00875 0.675293
0 0.85462 0.898125 0.00815217 0.01125 0.679688
0 0.758605 0.2925 0.00815217 0.01 0.682617
0 0.413496 0.544375 0.00815217 0.01125 0.685547
0 0.281703 0.2375 0.00724638 0.01 0.689941
0 0.746377 0.868125 0.00724638 0.01125 0.692871
0 0.811141 0.39625 0.00815217 0.01 0.693848
0 0.646286 0.679375 0.00815217 0.01125 0.693848
0 0.38904 0.335625 0.00815217 0.01125 0.694336
0 0.640851 0.86375 0.00815217 0.01 0.696289
0 0.521739 0.13 0.00724638 0.01 0.696777
0 0.891304 0.709375 0.00724638 0.01125 0.697754
0 0.83288 0.890625 0.00815217 0.01125 0.705566
0 0.665761 0.266875 0.00724638 0.01125 0.713379
0 0.726449 0.9025 0.00724638 0.01 0.714844
0 0.567935 0.724375 0.00905797 0.01125 0.740234
0 0.569746 0.36625 0.00905797 0.0125 0.741211
