0 0.62183 0.705625 0.00815217 0.01125 0.302979
0 0.799366 0.73625 0.00996377 0.0125 0.309082
0 0.29846 0.6825 0.00815217 0.0125 0.327148
0 0.886775 0.421875 0.00724638 0.01125 0.343262
0 0.554801 0.184375 0.00815217 0.00875 0.378418
0 0.360054 0.67125 0.00815217 0.01 0.405518
0 0.593297 0.06125 0.00724638 0.01 0.428467
0 0.852355 0.34 0.00724638 0.01 0.429199
0 0.822917 0.776875 0.00815217 0.01125 0.459961
0 0.285326 0.06875 0.00724638 0.01 0.474121
0 0.512228 0.44625 0.00996377 0.0125 0.505371
0 0.614583 0.760625 0.00815217 0.01125 0.505859
0 0.484601 0.1 0.00724638 0.01 0.508789
0 0.439764 0.286875 0.00815217 0.01125 0.510254
0 0.410779 0.409375 0.00815217 0.01125 0.541504
0 0.192935 0.58875 0.00724638 0.01 0.556641
0 0.532609 0.54625 0.00905797 0.0125 0.558105
0 0.768569 0.018125 0.00634058 0.00875 0.577148
0 0.264493 0.2625 0.00724638 0.01 0.586426
0 0.535326 0.170625 0.00724638 0.01125 0.598633
0 0.622283 0.7375 0.00724638 0.01 0.603516
0 0.182971 0.620625 0.00724638 0.00875 0.605469
0 0.528986 0.10375 0.00724638 0.01 0.615723
0 0.755888 0.8475 0.00815217 0.01 0.617676
0 0.502717 0.113125 0.00724638 0.00875 0.617676
0 0.497736 0.619375 0.00815217 0.01125 0.62207
0 0.223279 0.529375 0.00815217 0.01125 0.624512
0 0.683424 0.633125 0.00815217 0.01125 0.625
0 0.373641 0.62125 0.00815217 0.01 0.632812
0 0.54212 0.218125 0.00815217 0.01125 0.635254
0 0.941576 0.225 0.00634058 0.01 0.645996
0 0.85779 0.089375 0.00543478 0.00875 0.648438
0 0.885417 0.43625 0.00815217 0.01 0.648438
0 0.697011 0.735 0.00815217 0.01 0.648926
0 0.668025 0.638125 0.00634058 0.00875 0.649902
0 0.299819 0.325 0.00724638 0.01 0.654785
0 0.712862 0.029375 0.00543478 0.00875 0.655273
0 0.324275 0.696875 0.00724638 0.01125 0.659668
0 0.346467 0.714375 0.00815217 0.01125 0.660645
0 0.617301 0.399375 0.00815217 0.01125 0.662109
0 0.714221 0.520625 0.00815217 0.01125 0.662598
0 0.561141 0.705 0.00815217 0.0125 0.663086
0 0.564312 0.58375 0.00905797 0.0125 0.665039
0 0.302083 0.375 0.00815217 0.01 0.666504
0 0.331975 0.09 0.00815217 0.01 0.666504
0 0.82654 0.1075 0.00634058 0.01 0.668457
0 0.516304 0.18 0.00724638 0.01 0.672363
0 0.929801 0.281875 0.00634058 0.00875 0.672363
0 0.772192 0.18125 0.00634058 0.01 0.672852
0 0.381793 0.06375 0.00634058 0.01 0.675781
0 0.963315 0.49875 0.00815217 0.01 0.678223
0 0.86096 0.834375 0.00815217 0.01125 0.678223
0 0.829257 0.163125 0.00634058 0.00875 0.680664
0 0.905344 0.661875 0.00815217 0.01125 0.680664
0 0.888134 0.866875 0.00815217 0.01125 0.682617
0 0.65308 0.689375 0.00724638 0.01125 0.683594
0 0.777174 0.21125 0.00724638 0.01 0.684082
0 0.834239 0.324375 0.00724638 0.01125 0.685547
0 0.722373 0.6 0.00815217 0.0125 0.686523
0 0.682971 0.58 0.00905797 0.0125 0.686523
0 0.684783 0.361875 0.00724638 0.01125 0.688965
0 0.365489 0.425 0.00815217 0.0125 0.688965
0 0.916214 0.31125 0.00815217 0.01 0.69043
0 0.800725 0.2475 0.00724638 0.01 0.691406
0 0.710598 0.82375 0.00815217 0.01 0.691895
0 0.797554 0.739375 0.00815217 0.01125 0.692383
0 0.970562 0.365 0.00634058 0.01 0.694336
0 0.54212 0.3275 0.00815217 0.0125 0.694824
0 0.865489 0.628125 0.00815217 0.01125 0.698242
0 0.769022 0.298125 0.00724638 0.01125 0.706055
0 0.810236 0.718125 0.00815217 0.01125 0.706055
0 0.71558 0.645 0.00724638 0.01 0.707031
0 0.647192 0.40125 0.00815217 0.0125 0.716797
0 0.715127 0.333125 0.00815217 0.01125 0.725586
0 0.533967 0.624375 0.00815217 0.01125 0.741699
