0 0.706975 0.969375 0.00634058 0.01125 0.350342
0 0.512228 0.269375 0.00815217 0.01125 0.521973
0 0.688406 0.956875 0.00724638 0.01125 0.54248
0 0.575181 0.3675 0.00905797 0.0125 0.558105
0 0.313406 0.04875 0.00724638 0.01 0.560547
0 0.650815 0.55125 0.00815217 0.0125 0.580566
0 0.514946 0.135 0.00634058 0.01 0.603516
0 0.415308 0.288125 0.00815217 0.01125 0.618164
0 0.808424 0.23125 0.00815217 0.01 0.653809
0 0.670743 0.944375 0.00634058 0.01125 0.65918
0 0.80933 0.20125 0.00815217 0.01 0.664062
0 0.276721 0.354375 0.00815217 0.01125 0.668945
0 0.615036 0.635625 0.00905797 0.01125 0.679688
0 0.296649 0.429375 0.00815217 0.01125 0.685059
0 0.590127 0.300625 0.00815217 0.01125 0.691895
0 0.601902 0.713125 0.00815217 0.01125 0.691895
0 0.314312 0.715625 0.00724638 0.01125 0.694336
0 0.846014 0.3275 0.00724638 0.01 0.703613
0 0.382246 0.125 0.00724638 0.01 0.714355
0 0.932065 0.295625 0.00724638 0.01125 0.729492
