0 0.800725 0.885625 0.00724638 0.01125 0.256348
0 0.797101 0.321875 0.00724638 0.01125 0.266113
0 0.413496 0.54 0.00815217 0.0125 0.32959
0 0.330163 0.94625 0.00815217 0.01 0.463379
0 0.535779 0.735625 0.00815217 0.01125 0.546387
0 0.490489 0.349375 0.00815217 0.01125 0.565918
0 0.893116 0.716875 0.00724638 0.01125 0.57959
0 0.272645 0.87125 0.00724638 0.0125 0.585449
0 0.866395 0.889375 0.00815217 0.01125 0.586914
0 0.589221 0.16625 0.00815217 0.01 0.603027
0 0.563859 0.72375 0.00815217 0.0125 0.626465
0 0.790761 0.230625 0.00724638 0.00875 0.628418
0 0.384964 0.329375 0.00724638 0.01125 0.633789
0 0.771739 0.97625 0.00724638 0.01 0.644531
0 0.756341 0.28375 0.00724638 0.01 0.647461
0 0.499547 0.02375 0.00634058 0.01 0.647949
0 0.796196 0.314375 0.00724638 0.01125 0.651367
0 0.583786 0.285625 0.00815217 0.01125 0.651855
0 0.581975 0.130625 0.00815217 0.01125 0.655273
0 0.396286 0.943125 0.00815217 0.01125 0.655762
0 0.29212 0.29375 0.00815217 0.01 0.664551
0 0.285326 0.228125 0.00724638 0.01125 0.666992
0 0.725996 0.90125 0.00815217 0.01 0.675781
0 0.473732 0.025625 0.00724638 0.00875 0.679199
0 0.773551 0.2525 0.00724638 0.01 0.684082
0 0.553442 0.07875 0.00724638 0.01 0.687988
0 0.896739 0.640625 0.00724638 0.01125 0.688965
0 0.639946 0.86625 0.00815217 0.0125 0.688965
0 0.641757 0.685 0.00815217 0.0125 0.691406
0 0.32654 0.779375 0.00815217 0.01125 0.694824
0 0.742754 0.70375 0.00905797 0.0125 0.699707
0 0.859149 0.5475 0.00815217 0.01 0.700684
0 0.663496 0.269375 0.00815217 0.01125 0.70459
0 0.83288 0.890625 0.00815217 0.01125 0.705566
0 0.512681 0.135 0.00724638 0.01 0.706543
0 0.583786 0.3075 0.00815217 0.0125 0.706543
0 0.739583 0.8675 0.00815217 0.01 0.718262
0 0.606884 0.74125 0.00905797 0.0125 0.720215
0 0.80933 0.394375 0.00815217 0.01125 0.727539
