0 0.703804 0.446875 0.00905797 0.01125 0.286621
0 0.788496 0.463125 0.00815217 0.01125 0.351074
0 0.853714 0.711875 0.00815217 0.01125 0.409424
0 0.384511 0.025625 0.00634058 0.00875 0.527832
0 0.297101 0.22125 0.00724638 0.01 0.593262
0 0.813406 0.636875 0.00724638 0.01125 0.619629
0 0.78125 0.73125 0.00815217 0.0125 0.633301
0 0.742301 0.4225 0.00815217 0.0125 0.63623
0 0.272192 0.23875 0.00815217 0.01 0.638672
0 0.879076 0.645625 0.00815217 0.01125 0.639648
0 0.618207 0.21625 0.00815217 0.01 0.644043
0 0.938859 0.785 0.00634058 0.01 0.666504
0 0.978261 0.695625 0.00724638 0.00875 0.674316
0 0.482337 0.548125 0.00815217 0.01125 0.674805
0 0.428442 0.231875 0.00724638 0.01125 0.676758
0 0.501359 0.57625 0.00815217 0.0125 0.678223
0 0.774004 0.449375 0.00815217 0.01125 0.679199
0 0.468297 0.688125 0.00724638 0.01125 0.69043
0 0.666667 0.29625 0.00724638 0.0125 0.690918
0 0.477355 0.304375 0.00724638 0.01125 0.691895
0 0.92029 0.59625 0.00724638 0.01 0.701172
0 0.733243 0.244375 0.00634058 0.01125 0.710449
0 0.820199 0.795625 0.00815217 0.01125 0.726074
0 0.505888 0.72875 0.00815217 0.0125 0.726562
0 0.634511 0.296875 0.00815217 0.01125 0.736816
0 0.853261 0.64125 0.00724638 0.01 0.744629
