0 0.270833 0.2675 0.00724638 0.01 0.355225
0 0.683877 0.75375 0.00724638 0.01 0.570312
0 0.716486 0.620625 0.00905797 0.01125 0.580566
0 0.286685 0.30625 0.00815217 0.01 0.61377
0 0.947917 0.514375 0.00815217 0.01125 0.623535
0 0.69837 0.5175 0.00905797 0.0125 0.646484
0 0.370924 0.8625 0.00815217 0.0125 0.646484
0 0.362772 0.43625 0.00815217 0.0125 0.660156
0 0.70471 0.6475 0.00905797 0.0125 0.665039
0 0.691576 0.391875 0.00815217 0.01125 0.687988
0 0.493207 0.42875 0.00815217 0.0125 0.689453
0 0.947011 0.353125 0.00815217 0.01125 0.696289
0 0.389946 0.4225 0.00815217 0.0125 0.709473
0 0.863225 0.81375 0.00724638 0.01 0.714355
0 0.701993 0.591875 0.00905797 0.01125 0.746582
