0 0.722373 0.75875 0.00815217 0.0125 0.363525
0 0.380888 0.415625 0.00815217 0.01125 0.53125
0 0.151268 0.409375 0.00724638 0.01125 0.560547
0 0.911685 0.819375 0.00815217 0.01125 0.646484
0 0.866395 0.606875 0.00815217 0.01125 0.672852
0 0.42346 0.819375 0.00815217 0.01125 0.673828
0 0.804801 0.711875 0.00815217 0.01125 0.674805
0 0.648551 0.201875 0.00724638 0.01125 0.680176
0 0.39538 0.825 0.00815217 0.01 0.680664
0 0.750906 0.09875 0.00724638 0.01 0.687988
0 0.921196 0.50625 0.00724638 0.01 0.689941
0 0.956975 0.39875 0.00815217 0.01 0.725586
