0 0.492754 0.47375 0.00905797 0.0125 0.289795
0 0.501359 0.4975 0.00815217 0.0125 0.524414
0 0.674819 0.275625 0.00905797 0.01125 0.614258
0 0.986866 0.384375 0.00815217 0.01125 0.685547
0 0.54846 0.445 0.00815217 0.0125 0.691895
0 0.241848 0.4425 0.00905797 0.0125 0.693848
0 0.541214 0.5275 0.00815217 0.0125 0.696289
0 0.555254 0.105625 0.00905797 0.01125 0.696777
0 0.550272 0.055625 0.00815217 0.01125 0.698242
0 0.605978 0.1475 0.00905797 0.0125 0.705566
0 0.678442 0.9275 0.00905797 0.0125 0.706055
0 0.306159 0.76125 0.00905797 0.0125 0.710449
0 0.710145 0.5275 0.00905797 0.0125 0.718262
0 0.686594 0.065625 0.00724638 0.01125 0.71875
0 0.564764 0.290625 0.00996377 0.01125 0.720703
0 0.339674 0.39 0.00905797 0.0125 0.726074
0 0.247736 0.6 0.00815217 0.0125 0.730957
0 0.666214 0.54125 0.00815217 0.0125 0.734375
0 0.390399 0.70375 0.00905797 0.0125 0.747559
0 0.433424 0.34875 0.00815217 0.0125 0.754883
0 0.553442 0.35 0.00905797 0.0125 0.757324
