0 0.358243 0.66875 0.00996377 0.0125 0.276611
0 0.355072 0.668125 0.00905797 0.01125 0.402344
0 0.251812 0.074375 0.00724638 0.00875 0.660645
0 0.208333 0.246875 0.00724638 0.01125 0.662109
0 0.324728 0.328125 0.00815217 0.01125 0.672852
0 0.609149 0.58625 0.00815217 0.0125 0.672852
0 0.575181 0.96 0.00905797 0.0125 0.686035
0 0.249094 0.725 0.00905797 0.0125 0.69043
0 0.8125 0.946875 0.00724638 0.01125 0.698242
0 0.229167 0.26375 0.00724638 0.01 0.711914
0 0.23596 0.483125 0.00815217 0.01125 0.717285
0 0.836051 0.381875 0.00724638 0.01125 0.721191
0 0.779891 0.475 0.00905797 0.0125 0.72168
0 0.854167 0.59875 0.00905797 0.0125 0.722168
0 0.582428 0.558125 0.00905797 0.01375 0.730469
0 0.476902 0.489375 0.00815217 0.01375 0.739746
0 0.289402 0.57875 0.00815217 0.0125 0.741211
0 0.268116 0.67125 0.00905797 0.0125 0.742676
0 0.622283 0.83125 0.00905797 0.0125 0.748047
