0 0.694293 0.525625 0.0117754 0.01375 0.328369
0 0.548913 0.075625 0.00724638 0.01125 0.654785
0 0.313859 0.758125 0.00815217 0.01125 0.691895
0 0.701993 0.525625 0.00905797 0.01125 0.699707
0 0.238225 0.453125 0.00905797 0.01125 0.709473
0 0.540761 0.4975 0.00905797 0.0125 0.713379
0 0.602808 0.115625 0.00815217 0.01125 0.719727
0 0.682518 0.5275 0.00815217 0.0125 0.721191
0 0.548007 0.45625 0.00905797 0.0125 0.72168
0 0.677989 0.07625 0.00815217 0.01 0.727539
0 0.410326 0.3525 0.00905797 0.0125 0.733398
0 0.245471 0.5725 0.00905797 0.0125 0.733887
0 0.564312 0.30125 0.00905797 0.0125 0.73584
0 0.354167 0.37625 0.00905797 0.0125 0.738281
0 0.555254 0.345 0.00905797 0.0125 0.740234
0 0.376359 0.701875 0.00815217 0.01125 0.741211
0 0.677083 0.27125 0.00815217 0.0125 0.743164
