0 0.646739 0.171875 0.00724638 0.00875 0.262207
0 0.456975 0.919375 0.00815217 0.00875 0.269531
0 0.643569 0.23375 0.00815217 0.01 0.270508
0 0.423007 0.09 0.00724638 0.01 0.376953
0 0.653986 0.95 0.00724638 0.01 0.485596
0 0.649909 0.174375 0.00634058 0.00875 0.532715
0 0.752717 0.93375 0.00724638 0.01 0.535645
0 0.475996 0.525 0.00815217 0.0125 0.539551
0 0.190217 0.650625 0.00724638 0.01125 0.548828
0 0.879529 0.75125 0.00724638 0.01 0.556641
0 0.509511 0.93 0.00815217 0.01 0.591797
0 0.773551 0.429375 0.00724638 0.01125 0.595703
0 0.509058 0.269375 0.00724638 0.01125 0.596191
0 0.68433 0.428125 0.00815217 0.01125 0.603027
0 0.241395 0.25 0.00815217 0.01 0.620117
0 0.245018 0.843125 0.00815217 0.01125 0.625488
0 0.956069 0.241875 0.00815217 0.01125 0.628418
0 0.391757 0.10875 0.00634058 0.01 0.629395
0 0.651268 0.20375 0.00724638 0.01 0.630859
0 0.281703 0.319375 0.00724638 0.01125 0.63623
0 0.509511 0.323125 0.00815217 0.01125 0.638672
0 0.733696 0.839375 0.00724638 0.01125 0.645996
0 0.362319 0.0325 0.00724638 0.01 0.647949
0 0.973279 0.39 0.00815217 0.01 0.648926
0 0.731884 0.505625 0.00905797 0.01125 0.650391
0 0.505435 0.1 0.00724638 0.01 0.652344
0 0.942935 0.465 0.00724638 0.01 0.652344
0 0.418931 0.29125 0.00815217 0.01 0.654297
0 0.963315 0.365 0.00815217 0.01 0.655273
0 0.251812 0.21625 0.00724638 0.01 0.659668
0 0.249547 0.5625 0.00815217 0.01 0.664062
0 0.870924 0.81375 0.00815217 0.01 0.67627
0 0.710598 0.948125 0.00634058 0.01125 0.677246
0 0.600543 0.713125 0.00724638 0.01125 0.677246
0 0.687047 0.959375 0.00634058 0.00875 0.678223
0 0.578351 0.279375 0.00815217 0.01125 0.678711
0 0.835145 0.36 0.00724638 0.01 0.680176
0 0.529438 0.668125 0.00815217 0.01125 0.683594
0 0.337862 0.04875 0.00724638 0.01 0.683594
0 0.521739 0.700625 0.00724638 0.01125 0.685059
0 0.315217 0.04875 0.00724638 0.01 0.685059
0 0.928895 0.29125 0.00634058 0.01 0.685547
0 0.905344 0.57125 0.00815217 0.01 0.686523
0 0.662591 0.52 0.00815217 0.0125 0.687012
0 0.29846 0.72 0.00815217 0.0125 0.6875
0 0.597826 0.6425 0.00724638 0.0125 0.691406
0 0.251359 0.496875 0.00815217 0.01125 0.692383
0 0.801178 0.171875 0.00634058 0.00875 0.693359
0 0.791667 0.2525 0.00724638 0.01 0.696777
0 0.475091 0.434375 0.00815217 0.01125 0.700195
0 0.570199 0.435625 0.00815217 0.01125 0.701172
0 0.716033 0.803125 0.00815217 0.01125 0.702148
0 0.870924 0.490625 0.00815217 0.01125 0.70752
0 0.697917 0.391875 0.00815217 0.01125 0.709473
0 0.725996 0.45875 0.00815217 0.0125 0.716309
0 0.30933 0.433125 0.00815217 0.01125 0.727051
0 0.480978 0.583125 0.00905797 0.01375 0.733887
0 0.782609 0.541875 0.00905797 0.01125 0.73877
