0 0.355525 0.66875 0.00815217 0.0125 0.53418
0 0.202899 0.24125 0.00724638 0.01 0.657227
0 0.252717 0.075625 0.00724638 0.00875 0.6875
0 0.575634 0.9625 0.00815217 0.0125 0.694824
0 0.331975 0.086875 0.00815217 0.01125 0.695801
0 0.351902 0.0825 0.00815217 0.01 0.703125
0 0.612319 0.58375 0.00905797 0.0125 0.704102
0 0.325634 0.325 0.00815217 0.0125 0.705566
0 0.234601 0.26125 0.00724638 0.01 0.70752
0 0.623641 0.828125 0.00815217 0.01375 0.708008
0 0.235507 0.47625 0.00905797 0.0125 0.710938
0 0.268569 0.666875 0.00815217 0.01125 0.714355
0 0.813859 0.945 0.00815217 0.0125 0.714355
0 0.577899 0.55375 0.00905797 0.0125 0.720215
0 0.836051 0.380625 0.00724638 0.01125 0.722656
0 0.77808 0.475625 0.00905797 0.01125 0.722656
0 0.855978 0.6 0.00905797 0.0125 0.73291
0 0.288496 0.580625 0.00815217 0.01125 0.738281
0 0.477808 0.49125 0.00996377 0.0125 0.740723
0 0.251359 0.729375 0.00815217 0.01125 0.741699
