0 0.258152 0.306875 0.0108696 0.01125 0.278076
0 0.404891 0.219375 0.0144928 0.01375 0.282959
0 0.3125 0.60625 0.00905797 0.0125 0.328369
0 0.298913 0.775625 0.00905797 0.01375 0.378906
0 0.245018 0.491875 0.00815217 0.01125 0.482422
0 0.207428 0.540625 0.00905797 0.01375 0.484375
0 0.472373 0.980625 0.00815217 0.01125 0.497803
0 0.209692 0.528125 0.00815217 0.01125 0.585449
0 0.645833 0.08 0.00724638 0.01 0.609375
0 0.25 0.309375 0.00905797 0.01125 0.62207
0 0.800272 0.586875 0.00815217 0.01125 0.628418
0 0.443841 0.69625 0.00905797 0.0125 0.631348
0 0.250453 0.2075 0.00815217 0.0125 0.634766
0 0.299366 0.795 0.00815217 0.0125 0.643555
0 0.92663 0.5025 0.00724638 0.0125 0.644531
0 0.666214 0.198125 0.00815217 0.01125 0.644531
0 0.151268 0.45875 0.00724638 0.01 0.645508
0 0.338315 0.553125 0.00815217 0.01125 0.651367
0 0.267663 0.30375 0.00815217 0.0125 0.654785
0 0.34058 0.0325 0.00724638 0.01 0.661133
0 0.240489 0.128125 0.00815217 0.01125 0.667969
0 0.550272 0.764375 0.00815217 0.01125 0.668945
0 0.880435 0.5775 0.00724638 0.0125 0.669434
0 0.353714 0.71 0.00815217 0.0125 0.674316
0 0.743207 0.059375 0.00815217 0.01125 0.675293
0 0.272192 0.803125 0.00815217 0.01375 0.680176
0 0.828804 0.399375 0.00724638 0.01125 0.680664
0 0.148098 0.50875 0.00815217 0.01 0.681641
0 0.662591 0.66125 0.00815217 0.01 0.685059
0 0.240489 0.241875 0.00815217 0.01125 0.6875
0 0.410779 0.22 0.00815217 0.0125 0.69043
0 0.420743 0.89 0.00815217 0.0125 0.690918
0 0.211051 0.783125 0.00905797 0.01125 0.692383
0 0.634964 0.02125 0.00724638 0.01 0.692871
0 0.296649 0.770625 0.00815217 0.01125 0.694336
0 0.532156 0.614375 0.00815217 0.01375 0.697266
0 0.439764 0.53375 0.00996377 0.0125 0.700195
0 0.428895 0.49625 0.00996377 0.0125 0.701172
0 0.318841 0.735625 0.00905797 0.01125 0.702148
0 0.941123 0.41 0.00905797 0.0125 0.702637
0 0.318388 0.6025 0.00815217 0.0125 0.703125
0 0.338315 0.715 0.00815217 0.0125 0.703613
0 0.58288 0.0425 0.00634058 0.01 0.704102
0 0.268569 0.78 0.00815217 0.0125 0.70459
0 0.266757 0.26375 0.00815217 0.0125 0.705078
0 0.536685 0.3275 0.00996377 0.0125 0.706055
0 0.853714 0.301875 0.00815217 0.01125 0.709473
0 0.753623 0.51 0.00905797 0.0125 0.710938
0 0.793025 0.630625 0.00815217 0.01125 0.711426
0 0.586504 0.536875 0.00815217 0.01375 0.711914
0 0.333786 0.105625 0.00815217 0.01125 0.711914
0 0.345109 0.22375 0.00905797 0.0125 0.712402
0 0.893116 0.6375 0.00724638 0.0125 0.712402
0 0.827446 0.849375 0.00815217 0.01125 0.712891
0 0.580163 0.115625 0.00815217 0.01125 0.713379
0 0.419384 0.1075 0.00905797 0.0125 0.713379
0 0.266304 0.481875 0.00905797 0.01125 0.715332
0 0.353261 0.355625 0.00905797 0.01375 0.71582
0 0.738225 0.611875 0.00905797 0.01125 0.716309
0 0.618207 0.865625 0.00815217 0.01125 0.716797
0 0.382699 0.060625 0.00815217 0.01125 0.716797
0 0.947011 0.670625 0.00815217 0.01125 0.717285
0 0.329257 0.43375 0.00996377 0.0125 0.718262
0 0.942935 0.623125 0.00724638 0.01125 0.718262
0 0.25 0.606875 0.00905797 0.01125 0.719727
0 0.278986 0.43 0.00905797 0.0125 0.720703
0 0.299366 0.610625 0.00815217 0.01125 0.720703
0 0.685236 0.17375 0.00815217 0.01 0.721191
0 0.882699 0.833125 0.00815217 0.01125 0.722168
0 0.284873 0.224375 0.00815217 0.01125 0.722656
0 0.899909 0.339375 0.00815217 0.01125 0.722656
0 0.56567 0.32625 0.00815217 0.0125 0.724609
0 0.82654 0.3375 0.00815217 0.0125 0.725098
0 0.396286 0.219375 0.00815217 0.01125 0.726074
0 0.714674 0.590625 0.00905797 0.01125 0.726074
0 0.613678 0.265 0.00815217 0.0125 0.728027
0 0.771739 0.724375 0.00724638 0.01125 0.729004
0 0.709692 0.26375 0.00815217 0.0125 0.729004
0 0.898551 0.68 0.00724638 0.0125 0.72998
0 0.63904 0.680625 0.00815217 0.01125 0.736816
0 0.486413 0.340625 0.00905797 0.01125 0.736816
0 0.583786 0.579375 0.00815217 0.01125 0.737793
0 0.345562 0.47875 0.00815217 0.0125 0.738281
0 0.683877 0.883125 0.00905797 0.01125 0.739258
0 0.679348 0.553125 0.00905797 0.01125 0.740723
0 0.644022 0.18625 0.00905797 0.0125 0.741699
0 0.347373 0.52375 0.00815217 0.0125 0.744141
0 0.539402 0.521875 0.00996377 0.01125 0.744629
0 0.511775 0.335 0.00905797 0.0125 0.748535
0 0.759964 0.778125 0.00905797 0.01125 0.749023
0 0.534873 0.42125 0.00996377 0.0125 0.75
0 0.597826 0.4525 0.00905797 0.0125 0.750488
0 0.589674 0.781875 0.00905797 0.01125 0.750977
0 0.320652 0.239375 0.00905797 0.01375 0.75293
0 0.558877 0.881875 0.00905797 0.01125 0.753418
