0 0.332428 0.95875 0.00724638 0.01 0.576172
0 0.379982 0.389375 0.00815217 0.01125 0.57959
0 0.573822 0.368125 0.00996377 0.01375 0.638184
0 0.34692 0.75625 0.00724638 0.01 0.642578
0 0.769022 0.303125 0.00724638 0.01125 0.654297
0 0.875 0.554375 0.00724638 0.01125 0.67041
0 0.668025 0.69 0.00815217 0.0125 0.678223
0 0.880435 0.693125 0.00724638 0.01125 0.679199
0 0.572464 0.724375 0.00905797 0.01125 0.681641
0 0.639493 0.754375 0.00905797 0.01125 0.689941
0 0.401721 0.926875 0.00815217 0.01125 0.690918
0 0.654438 0.8475 0.00815217 0.01 0.691895
0 0.678442 0.2525 0.00724638 0.01 0.693359
0 0.82654 0.383125 0.00815217 0.01125 0.694336
0 0.720562 0.901875 0.00815217 0.01125 0.713867
0 0.751359 0.858125 0.00815217 0.01125 0.71875
0 0.745471 0.71 0.00724638 0.0125 0.731934
