0 0.393569 0.40125 0.00815217 0.0125 0.388672
0 0.929801 0.459375 0.00815217 0.01125 0.388672
0 0.72962 0.7175 0.00815217 0.0125 0.409668
0 0.570199 0.96125 0.00815217 0.01 0.490234
0 0.169384 0.385625 0.00724638 0.01125 0.558105
0 0.369565 0.78375 0.00724638 0.01 0.635254
0 0.81567 0.669375 0.00815217 0.01125 0.65918
0 0.866395 0.571875 0.00815217 0.01125 0.659668
0 0.425272 0.775 0.00815217 0.01 0.680664
0 0.690217 0.345625 0.00905797 0.01125 0.691406
0 0.908062 0.795625 0.00815217 0.01125 0.699219
0 0.757246 0.06125 0.00724638 0.01 0.702637
0 0.966486 0.36625 0.00724638 0.01 0.703125
0 0.72962 0.2925 0.00815217 0.01 0.717285
0 0.64538 0.175625 0.00815217 0.01125 0.718262
