0 0.633152 0.395 0.0108696 0.0125 0.279297
0 0.175725 0.71 0.00724638 0.01 0.343994
0 0.625906 0.3975 0.00724638 0.01 0.372803
0 0.538949 0.5525 0.00905797 0.0125 0.383301
0 0.542572 0.2 0.00724638 0.01 0.404785
0 0.693841 0.735 0.00724638 0.01 0.469971
0 0.966938 0.3625 0.00815217 0.01 0.481445
0 0.82654 0.7775 0.00815217 0.01 0.547852
0 0.680707 0.634375 0.00815217 0.01125 0.57373
0 0.640399 0.393125 0.00724638 0.01125 0.57666
0 0.668478 0.635625 0.00724638 0.01125 0.588867
0 0.500906 0.61875 0.00905797 0.01 0.601562
0 0.521739 0.18 0.00724638 0.01 0.609375
0 0.963315 0.5 0.00815217 0.01 0.627441
0 0.289402 0.29875 0.00634058 0.01 0.629883
0 0.597826 0.065625 0.00724638 0.00875 0.635254
0 0.924366 0.28375 0.00634058 0.01 0.635742
0 0.483696 0.975 0.00724638 0.01 0.641113
0 0.508605 0.44 0.00815217 0.0125 0.648438
0 0.563406 0.584375 0.00905797 0.01125 0.652832
0 0.716033 0.821875 0.00815217 0.01125 0.654297
0 0.913949 0.30625 0.00724638 0.01 0.665527
0 0.880435 0.856875 0.00724638 0.01125 0.665527
0 0.377717 0.06375 0.00724638 0.01 0.671875
0 0.691123 0.580625 0.00724638 0.01125 0.680664
0 0.759058 0.303125 0.00724638 0.01125 0.681152
0 0.266304 0.2625 0.00724638 0.01 0.681641
0 0.713768 0.641875 0.00724638 0.01125 0.682129
0 0.797101 0.24625 0.00724638 0.01 0.683594
0 0.365942 0.43125 0.00905797 0.0125 0.684082
0 0.690217 0.365 0.00724638 0.01 0.686035
0 0.747736 0.849375 0.00634058 0.01125 0.686523
0 0.720562 0.603125 0.00815217 0.01125 0.687012
0 0.318388 0.699375 0.00815217 0.01125 0.6875
0 0.306612 0.3625 0.00815217 0.0125 0.689453
0 0.547554 0.33125 0.00815217 0.0125 0.692871
0 0.403986 0.41375 0.00905797 0.0125 0.693359
0 0.825634 0.176875 0.00815217 0.00875 0.695312
0 0.708786 0.51875 0.00815217 0.0125 0.696289
0 0.859149 0.835625 0.00815217 0.01125 0.696777
0 0.371377 0.625 0.00724638 0.01 0.699219
0 0.530797 0.1025 0.00724638 0.01 0.700195
0 0.899909 0.6475 0.00815217 0.01 0.700684
0 0.32971 0.08375 0.00724638 0.01 0.704102
0 0.524004 0.624375 0.00815217 0.01125 0.719238
0 0.715127 0.333125 0.00815217 0.01125 0.72168
0 0.865489 0.641875 0.00815217 0.01125 0.727539
0 0.346467 0.71 0.00815217 0.01 0.753906
