0 0.425272 0.25375 0.00815217 0.01 0.578613
0 0.78125 0.78125 0.00815217 0.01 0.643555
0 0.921649 0.7975 0.00815217 0.01 0.644043
0 0.622736 0.30875 0.00815217 0.0125 0.666992
0 0.953804 0.738125 0.00724638 0.01125 0.670898
0 0.723279 0.284375 0.00815217 0.01125 0.673828
0 0.472826 0.72625 0.00724638 0.0125 0.679688
0 0.619565 0.249375 0.00724638 0.01125 0.680176
0 0.908514 0.63 0.00724638 0.0125 0.683594
0 0.813859 0.674375 0.00815217 0.01125 0.685059
0 0.484149 0.748125 0.00815217 0.01125 0.687988
0 0.781703 0.76 0.00724638 0.01 0.693359
0 0.453351 0.301875 0.00815217 0.01125 0.700195
0 0.663496 0.323125 0.00815217 0.01125 0.71582
