0 0.404891 0.40625 0.00905797 0.0125 0.355225
0 0.77038 0.98 0.00634058 0.01 0.363281
0 0.927989 0.44 0.00815217 0.0125 0.418213
0 0.55933 0.944375 0.00815217 0.01125 0.512207
0 0.856884 0.558125 0.00724638 0.01125 0.550293
0 0.167572 0.36 0.00724638 0.01 0.550781
0 0.966938 0.356875 0.00815217 0.01125 0.603516
0 0.725996 0.70375 0.00815217 0.01 0.609375
0 0.436141 0.58 0.00815217 0.0125 0.643066
0 0.945199 0.698125 0.00815217 0.01125 0.652832
0 0.384058 0.199375 0.00724638 0.01125 0.665039
0 0.451087 0.1525 0.00724638 0.01 0.666992
0 0.342844 0.76 0.00815217 0.01 0.672363
0 0.734149 0.269375 0.00815217 0.01125 0.679199
0 0.674366 0.329375 0.00815217 0.01125 0.686523
0 0.40625 0.22125 0.00815217 0.01 0.691895
0 0.652627 0.84 0.00815217 0.01 0.692383
0 0.411685 0.753125 0.00815217 0.01125 0.695312
0 0.759058 0.0375 0.00724638 0.01 0.70459
0 0.807971 0.6525 0.00724638 0.0125 0.706055
0 0.637228 0.185 0.00815217 0.01 0.71582
0 0.932065 0.745 0.00724638 0.0125 0.72168
0 0.890851 0.784375 0.00815217 0.01125 0.737793
