0 0.259511 0.303125 0.00815217 0.01125 0.301758
0 0.268116 0.786875 0.00905797 0.01375 0.307617
0 0.642663 0.675 0.0117754 0.015 0.315186
0 0.855525 0.95375 0.00634058 0.01 0.323242
0 0.324728 0.2375 0.00996377 0.0125 0.366943
0 0.901721 0.881875 0.00815217 0.01125 0.465332
0 0.241395 0.496875 0.00815217 0.01125 0.481689
0 0.268569 0.781875 0.00815217 0.01125 0.5
0 0.652627 0.661875 0.00815217 0.01125 0.539551
0 0.30933 0.60375 0.00996377 0.0125 0.550293
0 0.27038 0.791875 0.00815217 0.01125 0.572754
0 0.274909 0.43125 0.00815217 0.0125 0.581543
0 0.338768 0.031875 0.00724638 0.01125 0.585449
0 0.875 0.828125 0.00724638 0.01125 0.598633
0 0.438406 0.691875 0.00905797 0.01125 0.601074
0 0.250453 0.20875 0.00815217 0.0125 0.614746
0 0.146286 0.464375 0.00815217 0.01125 0.615723
0 0.293931 0.778125 0.00815217 0.01125 0.632324
0 0.293931 0.794375 0.00815217 0.01125 0.632812
0 0.342391 0.525 0.00905797 0.0125 0.642578
0 0.238678 0.131875 0.00815217 0.01125 0.644043
0 0.339674 0.71625 0.00905797 0.0125 0.653809
0 0.92029 0.508125 0.00724638 0.01125 0.661133
0 0.728714 0.61125 0.00815217 0.0125 0.66748
0 0.900815 0.6725 0.00815217 0.0125 0.674316
0 0.260417 0.260625 0.00815217 0.01125 0.674805
0 0.633152 0.02 0.00724638 0.01 0.677246
0 0.319293 0.73625 0.00815217 0.0125 0.681641
0 0.76721 0.733125 0.00724638 0.01125 0.685059
0 0.549819 0.768125 0.00905797 0.01125 0.686035
0 0.203351 0.781875 0.00815217 0.01125 0.689941
0 0.381793 0.058125 0.00815217 0.01125 0.691406
0 0.434783 0.53125 0.00905797 0.0125 0.692383
0 0.333333 0.55125 0.00905797 0.0125 0.694824
0 0.343297 0.2275 0.00905797 0.0125 0.696777
0 0.469203 0.970625 0.00724638 0.01125 0.69873
0 0.936594 0.405625 0.00724638 0.01125 0.69873
0 0.331975 0.105625 0.00815217 0.01125 0.69873
0 0.241395 0.24875 0.00815217 0.0125 0.699707
0 0.530797 0.6125 0.00905797 0.0125 0.703613
0 0.94067 0.6225 0.00815217 0.0125 0.70459
0 0.751359 0.51375 0.00815217 0.0125 0.706055
0 0.414402 0.10375 0.00815217 0.0125 0.706055
0 0.706069 0.266875 0.00815217 0.01125 0.706543
0 0.639493 0.185625 0.00905797 0.01125 0.707031
0 0.733243 0.058125 0.00634058 0.01125 0.708984
0 0.580616 0.788125 0.00905797 0.01125 0.710449
0 0.561141 0.8775 0.00815217 0.0125 0.710449
0 0.682518 0.54875 0.00815217 0.0125 0.711914
0 0.336051 0.48 0.00905797 0.0125 0.713867
0 0.57971 0.04125 0.00724638 0.01 0.714355
0 0.942935 0.668125 0.00724638 0.01125 0.714355
0 0.280344 0.221875 0.00815217 0.01125 0.715332
0 0.680707 0.169375 0.00815217 0.01125 0.715332
0 0.576993 0.113125 0.00724638 0.01125 0.716309
0 0.584239 0.535 0.00905797 0.0125 0.717773
0 0.297554 0.606875 0.00815217 0.01125 0.719238
0 0.52808 0.330625 0.00905797 0.01375 0.719727
0 0.507246 0.33375 0.00905797 0.0125 0.721191
0 0.351449 0.358125 0.00905797 0.01375 0.721191
0 0.757699 0.771875 0.00815217 0.01125 0.722168
0 0.577446 0.58125 0.00815217 0.0125 0.722168
0 0.828804 0.84625 0.00724638 0.01 0.722656
0 0.898551 0.340625 0.00724638 0.01125 0.723633
0 0.713315 0.589375 0.00815217 0.01125 0.725098
0 0.682971 0.886875 0.00724638 0.01125 0.726074
0 0.252717 0.604375 0.00905797 0.01125 0.726562
0 0.529891 0.425 0.00905797 0.0125 0.728027
0 0.484149 0.33625 0.00815217 0.0125 0.729492
0 0.891304 0.63625 0.00724638 0.0125 0.729492
0 0.591033 0.45125 0.00996377 0.0125 0.72998
0 0.427989 0.49875 0.00996377 0.0125 0.731934
0 0.662591 0.193125 0.00815217 0.01125 0.733887
0 0.82654 0.333125 0.00815217 0.01125 0.734863
0 0.791667 0.585 0.00905797 0.0125 0.73877
0 0.320652 0.239375 0.00905797 0.01375 0.739258
0 0.259964 0.485 0.00905797 0.0125 0.739258
0 0.421649 0.89375 0.00815217 0.0125 0.741699
0 0.788949 0.62625 0.00905797 0.0125 0.743164
0 0.609149 0.86625 0.00815217 0.0125 0.74707
0 0.532156 0.515 0.00996377 0.0125 0.75
0 0.850996 0.298125 0.00815217 0.01125 0.750977
0 0.609149 0.26375 0.00815217 0.0125 0.751465
0 0.87817 0.568125 0.00815217 0.01125 0.751953
0 0.563406 0.330625 0.00905797 0.01375 0.758789
0 0.640399 0.678125 0.00905797 0.01125 0.765137
0 0.327446 0.43625 0.00815217 0.0125 0.77002
