0 0.62183 0.010625 0.00634058 0.00875 0.283203
0 0.659873 0.17875 0.00815217 0.0125 0.527344
0 0.669837 0.16625 0.00634058 0.01 0.56543
0 0.323822 0.233125 0.00815217 0.01125 0.592773
0 0.853714 0.8225 0.00815217 0.01 0.601562
0 0.897645 0.88 0.00724638 0.01 0.612305
0 0.223732 0.135 0.00724638 0.01 0.630859
0 0.92346 0.64875 0.00815217 0.0125 0.632324
0 0.319293 0.234375 0.00815217 0.01125 0.650879
0 0.379982 0.060625 0.00815217 0.01125 0.659668
0 0.451087 0.950625 0.00905797 0.01125 0.660156
0 0.893569 0.35125 0.00815217 0.01 0.670898
0 0.567935 0.04125 0.00724638 0.01 0.680664
0 0.692482 0.266875 0.00815217 0.01125 0.686035
0 0.658062 0.180625 0.00815217 0.01125 0.690918
0 0.330163 0.039375 0.00815217 0.01125 0.693848
0 0.265399 0.42875 0.00905797 0.0125 0.696289
0 0.398098 0.091875 0.00815217 0.01125 0.70166
0 0.519475 0.434375 0.00815217 0.01375 0.702637
0 0.838315 0.293125 0.00815217 0.01125 0.702637
0 0.717391 0.0525 0.00724638 0.01 0.705078
0 0.313406 0.74125 0.00905797 0.0125 0.709961
0 0.316123 0.445 0.00905797 0.0125 0.711426
0 0.422554 0.911875 0.00815217 0.01375 0.717285
0 0.319293 0.4775 0.00815217 0.0125 0.719238
0 0.738678 0.505 0.00815217 0.0125 0.721191
0 0.836051 0.83875 0.00724638 0.0125 0.721191
0 0.57654 0.44375 0.00996377 0.0125 0.722656
0 0.870924 0.545 0.00815217 0.0125 0.724121
0 0.629982 0.174375 0.00815217 0.01125 0.725586
0 0.471014 0.3275 0.00905797 0.0125 0.727539
0 0.569746 0.10375 0.00905797 0.0125 0.728516
0 0.319293 0.101875 0.00815217 0.01125 0.728516
0 0.423007 0.693125 0.00905797 0.01375 0.72998
0 0.558424 0.575 0.00815217 0.0125 0.730469
0 0.901721 0.505625 0.00815217 0.01125 0.730469
0 0.529891 0.6025 0.00905797 0.0125 0.733887
0 0.560688 0.33625 0.00905797 0.0125 0.733887
0 0.34692 0.366875 0.00905797 0.01125 0.737305
0 0.677536 0.545625 0.00905797 0.01125 0.737793
0 0.81567 0.315625 0.00815217 0.01125 0.739746
0 0.589674 0.26875 0.00905797 0.0125 0.742188
0 0.92346 0.38375 0.00815217 0.01 0.742676
0 0.520833 0.506875 0.00905797 0.01375 0.745117
0 0.684783 0.898125 0.00724638 0.01125 0.746582
0 0.569746 0.53375 0.00905797 0.0125 0.751465
0 0.253623 0.60125 0.00905797 0.0125 0.762695
