0 0.774004 0.46625 0.00815217 0.0125 0.264404
0 0.391304 0.02625 0.00724638 0.01 0.476562
0 0.783062 0.464375 0.00815217 0.01125 0.529297
0 0.776268 0.46125 0.00905797 0.0125 0.551758
0 0.937953 0.790625 0.00634058 0.00875 0.584961
0 0.495018 0.580625 0.00815217 0.01125 0.587402
0 0.427083 0.2375 0.00815217 0.01 0.605469
0 0.975091 0.7075 0.00815217 0.01 0.611816
0 0.700181 0.455 0.00905797 0.0125 0.615234
0 0.869565 0.6475 0.00724638 0.01 0.625977
0 0.915761 0.608125 0.00724638 0.01125 0.65918
0 0.780344 0.735625 0.00815217 0.01125 0.659668
0 0.47192 0.304375 0.00724638 0.01125 0.669922
0 0.46875 0.698125 0.00815217 0.01125 0.672363
0 0.728261 0.254375 0.00724638 0.01125 0.674316
0 0.811141 0.7925 0.00815217 0.01 0.674805
0 0.631793 0.301875 0.00815217 0.01125 0.67627
0 0.480978 0.558125 0.00724638 0.01125 0.678711
0 0.8125 0.64375 0.00724638 0.01 0.695801
0 0.618659 0.224375 0.00724638 0.01125 0.703125
0 0.498188 0.735625 0.00724638 0.01125 0.703613
0 0.850091 0.649375 0.00815217 0.01125 0.712891
0 0.665761 0.304375 0.00724638 0.01125 0.729492
0 0.740036 0.43625 0.00905797 0.0125 0.755859
