0 0.298913 0.3825 0.00724638 0.01 0.331299
0 0.307518 0.4225 0.00815217 0.0125 0.340576
0 0.795743 0.88125 0.00634058 0.01 0.376709
0 0.933424 0.72875 0.00815217 0.01 0.396484
0 0.288043 0.225 0.00724638 0.01 0.411621
0 0.296649 0.420625 0.00815217 0.01125 0.434326
0 0.555254 0.97125 0.00724638 0.01 0.439697
0 0.400362 0.945 0.00724638 0.01 0.513184
0 0.508152 0.029375 0.00724638 0.00875 0.529785
0 0.534873 0.731875 0.00815217 0.01125 0.555664
0 0.331522 0.9375 0.00724638 0.01 0.561035
0 0.372283 0.92125 0.00724638 0.01 0.581543
0 0.263134 0.6925 0.00815217 0.01 0.590332
0 0.88904 0.26125 0.00634058 0.01 0.591309
0 0.59058 0.1675 0.00724638 0.01 0.614258
0 0.313859 0.366875 0.00815217 0.01125 0.617188
0 0.538496 0.274375 0.00815217 0.01125 0.618164
0 0.57337 0.1275 0.00724638 0.01 0.620117
0 0.738678 0.863125 0.00815217 0.01125 0.625977
0 0.88904 0.285 0.00815217 0.01 0.626953
0 0.893569 0.631875 0.00815217 0.01125 0.633789
0 0.796196 0.21625 0.00724638 0.01 0.634277
0 0.775362 0.97375 0.00724638 0.01 0.639648
0 0.655344 0.269375 0.00815217 0.01125 0.652344
0 0.518116 0.736875 0.00905797 0.01125 0.655273
0 0.754529 0.285 0.00724638 0.01 0.655762
0 0.552536 0.07 0.00724638 0.01 0.657715
0 0.37817 0.493125 0.00815217 0.01125 0.660645
0 0.413949 0.534375 0.00905797 0.01125 0.661133
0 0.325181 0.77875 0.00724638 0.01 0.664551
0 0.633605 0.685 0.00815217 0.0125 0.668457
0 0.928895 0.748125 0.00815217 0.01125 0.669922
0 0.597373 0.733125 0.00815217 0.01125 0.671387
0 0.796649 0.325 0.00815217 0.01 0.677246
0 0.288949 0.30375 0.00724638 0.01 0.677734
0 0.566123 0.363125 0.00905797 0.01125 0.677734
0 0.811141 0.89 0.00815217 0.01 0.679199
0 0.743207 0.699375 0.00815217 0.01125 0.680664
0 0.514493 0.256875 0.00724638 0.01125 0.681641
0 0.501359 0.14375 0.00815217 0.01 0.683105
0 0.371377 0.608125 0.00724638 0.01125 0.683594
0 0.485054 0.3375 0.00815217 0.0125 0.68457
0 0.263134 0.866875 0.00815217 0.01125 0.685547
0 0.896286 0.661875 0.00815217 0.01125 0.687988
0 0.495471 0.368125 0.00905797 0.01125 0.688477
0 0.853714 0.55 0.00815217 0.0125 0.689453
0 0.771739 0.25125 0.00724638 0.01 0.691406
0 0.385417 0.2475 0.00815217 0.01 0.691895
0 0.834239 0.894375 0.00724638 0.01125 0.698242
0 0.71875 0.903125 0.00815217 0.01125 0.701172
0 0.886775 0.718125 0.00724638 0.01125 0.703613
0 0.586051 0.280625 0.00724638 0.01125 0.704102
0 0.798007 0.298125 0.00724638 0.01125 0.704102
0 0.583786 0.314375 0.00815217 0.01125 0.70459
0 0.87183 0.88375 0.00815217 0.01 0.709473
0 0.383605 0.314375 0.00815217 0.01125 0.710449
0 0.56567 0.72375 0.00815217 0.0125 0.716309
0 0.635417 0.863125 0.00815217 0.01125 0.724609
0 0.802083 0.400625 0.00815217 0.01125 0.743164
