0 0.350543 0.15375 0.00905797 0.0125 0.288574
0 0.720109 0.37125 0.00905797 0.015 0.437744
0 0.151268 0.3025 0.00724638 0.01 0.592285
0 0.293025 0.096875 0.00815217 0.01125 0.614746
0 0.682518 0.890625 0.00815217 0.01125 0.630859
0 0.666214 0.89875 0.00815217 0.01 0.639648
0 0.229167 0.295625 0.00724638 0.01125 0.660156
0 0.722373 0.355625 0.00815217 0.01125 0.66748
0 0.202446 0.734375 0.00815217 0.01125 0.675781
0 0.887228 0.28 0.00815217 0.01 0.681641
0 0.480072 0.076875 0.00905797 0.01125 0.687012
0 0.879529 0.203125 0.00724638 0.01125 0.6875
0 0.179801 0.724375 0.00815217 0.01125 0.6875
0 0.688859 0.139375 0.00815217 0.01125 0.692383
0 0.353261 0.1575 0.00724638 0.01 0.692871
0 0.513587 0.624375 0.00905797 0.01125 0.696289
0 0.776268 0.498125 0.00724638 0.01125 0.696289
0 0.700634 0.268125 0.00815217 0.01125 0.696777
0 0.737772 0.2775 0.00815217 0.01 0.703613
0 0.740489 0.235 0.00815217 0.01 0.70459
0 0.689764 0.323125 0.00815217 0.01125 0.705078
0 0.299366 0.69875 0.00815217 0.0125 0.705078
0 0.720562 0.941875 0.00815217 0.01125 0.707031
0 0.338315 0.148125 0.00815217 0.01125 0.70752
0 0.379076 0.900625 0.00815217 0.01125 0.708496
0 0.336504 0.4625 0.00815217 0.0125 0.708984
0 0.442029 0.839375 0.00905797 0.01125 0.710938
0 0.822917 0.67625 0.00815217 0.01 0.71582
0 0.671649 0.45875 0.00815217 0.0125 0.717773
0 0.651721 0.398125 0.00815217 0.01125 0.719238
0 0.695199 0.236875 0.00815217 0.01125 0.719727
0 0.853714 0.089375 0.00815217 0.01125 0.72168
0 0.27038 0.810625 0.00815217 0.01125 0.722168
0 0.376812 0.5175 0.00905797 0.0125 0.724609
0 0.671649 0.378125 0.00815217 0.01125 0.724609
0 0.407609 0.48125 0.00905797 0.0125 0.725586
0 0.919384 0.340625 0.00724638 0.01125 0.725586
0 0.486866 0.7975 0.00815217 0.0125 0.726074
0 0.647192 0.825625 0.00815217 0.01125 0.727051
0 0.512228 0.90125 0.00815217 0.01 0.727051
0 0.509058 0.650625 0.00905797 0.01125 0.729492
0 0.548007 0.073125 0.00724638 0.01125 0.731445
0 0.634964 0.635625 0.00905797 0.01125 0.731445
0 0.447464 0.39875 0.00905797 0.0125 0.731934
0 0.596467 0.680625 0.00815217 0.01125 0.732422
0 0.537591 0.28125 0.00815217 0.0125 0.734863
0 0.408967 0.068125 0.00815217 0.01125 0.735352
0 0.235054 0.736875 0.00815217 0.01125 0.735352
0 0.822917 0.098125 0.00815217 0.01125 0.73584
0 0.407609 0.40875 0.00905797 0.0125 0.737305
0 0.532609 0.87875 0.00905797 0.0125 0.738281
0 0.570652 0.2875 0.00905797 0.0125 0.73877
0 0.69067 0.751875 0.00815217 0.01125 0.739746
0 0.517663 0.06625 0.00815217 0.0125 0.740723
0 0.57654 0.4425 0.00996377 0.0125 0.742188
0 0.744565 0.169375 0.00724638 0.01125 0.743164
0 0.45788 0.690625 0.00815217 0.01125 0.748535
0 0.501359 0.4 0.00815217 0.0125 0.75
0 0.380435 0.773125 0.00905797 0.01125 0.752441
0 0.659873 0.505 0.00815217 0.0125 0.760254
0 0.603714 0.290625 0.00815217 0.01125 0.764648
