0 0.956069 0.35625 0.00815217 0.01 0.366699
0 0.300725 0.328125 0.00724638 0.01125 0.497559
0 0.807065 0.219375 0.00543478 0.00875 0.516113
0 0.850091 0.79 0.00815217 0.01 0.545898
0 0.498188 0.42875 0.00905797 0.0125 0.550781
0 0.532156 0.093125 0.00815217 0.01125 0.570801
0 0.719203 0.610625 0.00905797 0.01125 0.589355
0 0.685236 0.746875 0.00815217 0.00875 0.602539
0 0.585598 0.075 0.00634058 0.01 0.638672
0 0.796196 0.239375 0.00724638 0.00875 0.644531
0 0.707428 0.64125 0.00905797 0.0125 0.648438
0 0.362772 0.42875 0.00815217 0.0125 0.654297
0 0.95471 0.511875 0.00724638 0.01125 0.656738
0 0.701993 0.511875 0.00905797 0.01125 0.67334
0 0.743207 0.315 0.00815217 0.01 0.673828
0 0.553895 0.345 0.00815217 0.0125 0.689941
0 0.591938 0.3675 0.00996377 0.0125 0.69043
0 0.268116 0.2625 0.00724638 0.01 0.696777
0 0.714221 0.339375 0.00815217 0.01125 0.69873
0 0.370924 0.843125 0.00815217 0.01125 0.72168
0 0.345562 0.694375 0.00815217 0.01125 0.725098
0 0.395833 0.415 0.00905797 0.0125 0.725586
0 0.359149 0.64125 0.00815217 0.0125 0.733887
0 0.70154 0.581875 0.00815217 0.01125 0.740723
0 0.690217 0.383125 0.00724638 0.01125 0.740723
