0 0.238678 0.455 0.00815217 0.0125 0.70459
0 0.563406 0.3025 0.00905797 0.0125 0.708008
0 0.317029 0.754375 0.00905797 0.01125 0.709961
0 0.543478 0.4875 0.00905797 0.0125 0.713379
0 0.547554 0.459375 0.00996377 0.01375 0.713867
0 0.677083 0.075 0.00815217 0.01 0.716309
0 0.603714 0.109375 0.00815217 0.01125 0.726562
0 0.556159 0.340625 0.00905797 0.01375 0.732422
0 0.410326 0.349375 0.00905797 0.01125 0.736328
0 0.248188 0.565 0.00905797 0.0125 0.743164
0 0.678895 0.26875 0.00815217 0.0125 0.745117
0 0.375 0.701875 0.00905797 0.01125 0.748535
0 0.357337 0.374375 0.00815217 0.01125 0.749512
