0 0.728261 0.72125 0.00905797 0.0125 0.447754
0 0.569293 0.9575 0.00815217 0.01 0.544922
0 0.86413 0.568125 0.00724638 0.01125 0.602051
0 0.813859 0.663125 0.00815217 0.01125 0.610352
0 0.899909 0.795 0.00815217 0.01 0.629395
0 0.966486 0.365 0.00724638 0.01 0.659668
0 0.172101 0.384375 0.00724638 0.01125 0.661621
0 0.641757 0.17875 0.00634058 0.01 0.678711
0 0.363678 0.78125 0.00815217 0.01 0.684082
0 0.685236 0.343125 0.00815217 0.01125 0.685059
0 0.422101 0.771875 0.00724638 0.01125 0.685059
0 0.72962 0.290625 0.00815217 0.01125 0.689453
0 0.756341 0.06375 0.00724638 0.01 0.694824
