0 0.478261 0.57625 0.00724638 0.0125 0.41333
0 0.487772 0.5825 0.00815217 0.0125 0.530273
0 0.467844 0.719375 0.00815217 0.01125 0.602051
0 0.725543 0.278125 0.00724638 0.01125 0.618164
0 0.425272 0.248125 0.00815217 0.01125 0.659668
0 0.618207 0.243125 0.00815217 0.01125 0.675293
0 0.62183 0.308125 0.00815217 0.01125 0.687012
0 0.925725 0.798125 0.00724638 0.01125 0.688477
0 0.793478 0.795625 0.00724638 0.01125 0.690918
0 0.780797 0.755 0.00724638 0.01 0.692871
0 0.810236 0.669375 0.00815217 0.01125 0.70166
0 0.661685 0.319375 0.00815217 0.01125 0.70459
0 0.459692 0.305 0.00815217 0.0125 0.706543
0 0.90942 0.62625 0.00724638 0.01 0.711914
0 0.956975 0.729375 0.00815217 0.01125 0.717285
0 0.487772 0.744375 0.00815217 0.01125 0.718262
0 0.720562 0.46 0.00996377 0.0125 0.75
