0 0.394928 0.40375 0.00905797 0.0125 0.456299
0 0.967844 0.363125 0.00815217 0.01125 0.513672
0 0.928895 0.450625 0.00815217 0.01125 0.570801
0 0.174366 0.373125 0.00815217 0.01125 0.580566
0 0.862772 0.56375 0.00815217 0.0125 0.635254
0 0.564764 0.95375 0.00815217 0.01 0.648438
0 0.811141 0.65625 0.00815217 0.0125 0.648926
0 0.353714 0.77125 0.00815217 0.01 0.65332
0 0.65308 0.846875 0.00724638 0.01125 0.655273
0 0.727808 0.7125 0.00815217 0.01 0.655762
0 0.641304 0.17625 0.00724638 0.01 0.656738
0 0.944293 0.721875 0.00815217 0.01125 0.682617
0 0.416214 0.76375 0.00815217 0.0125 0.693848
0 0.94067 0.749375 0.00815217 0.01125 0.698242
0 0.731431 0.279375 0.00815217 0.01125 0.704102
0 0.757246 0.0575 0.00724638 0.01 0.709473
0 0.898551 0.788125 0.00724638 0.01125 0.710938
0 0.680254 0.339375 0.00905797 0.01125 0.716797
