0 0.248188 0.068125 0.00724638 0.00875 0.375244
0 0.363225 0.67 0.00905797 0.0125 0.562988
0 0.585145 0.56875 0.00905797 0.0125 0.634277
0 0.811141 0.953125 0.00815217 0.01125 0.655273
0 0.26087 0.6825 0.00905797 0.0125 0.677246
0 0.231884 0.49 0.00905797 0.0125 0.6875
0 0.851449 0.6 0.00905797 0.0125 0.703125
0 0.572464 0.956875 0.00905797 0.01125 0.708008
0 0.83288 0.38875 0.00815217 0.0125 0.708984
0 0.286232 0.5825 0.00905797 0.0125 0.717285
0 0.322011 0.3325 0.00815217 0.0125 0.739746
0 0.254076 0.713125 0.00815217 0.01125 0.755859
0 0.471467 0.486875 0.00996377 0.01375 0.756348
0 0.77808 0.48125 0.00905797 0.0125 0.760742
0 0.617754 0.8425 0.00905797 0.0125 0.764648
