0 0.508152 0.125 0.00724638 0.01 0.348877
0 0.606884 0.638125 0.00905797 0.01125 0.402344
0 0.516757 0.96375 0.00815217 0.01 0.463623
0 0.512228 0.27125 0.00815217 0.01 0.467041
0 0.503623 0.19625 0.00724638 0.01 0.510254
0 0.932065 0.293125 0.00724638 0.00875 0.519043
0 0.663949 0.944375 0.00724638 0.00875 0.623535
0 0.386322 0.116875 0.00634058 0.00875 0.628906
0 0.254982 0.5475 0.00815217 0.01 0.629395
0 0.481431 0.4625 0.00815217 0.0125 0.631836
0 0.300272 0.426875 0.00815217 0.01125 0.646484
0 0.575634 0.400625 0.00815217 0.01125 0.651855
0 0.740036 0.446875 0.00905797 0.01125 0.671875
0 0.811141 0.185 0.00634058 0.01 0.678223
0 0.685236 0.9525 0.00634058 0.01 0.678223
0 0.313859 0.0475 0.00634058 0.01 0.678711
0 0.419384 0.289375 0.00724638 0.01125 0.678711
0 0.600996 0.713125 0.00815217 0.01125 0.679199
0 0.306159 0.71875 0.00724638 0.01 0.680664
0 0.712409 0.9525 0.00634058 0.01 0.680664
0 0.841486 0.346875 0.00724638 0.01125 0.681641
0 0.756341 0.424375 0.00724638 0.01125 0.685059
0 0.283967 0.335625 0.00815217 0.01125 0.686035
0 0.882699 0.476875 0.00815217 0.01125 0.688965
0 0.587862 0.289375 0.00724638 0.01125 0.693359
0 0.484149 0.53625 0.00815217 0.0125 0.712402
0 0.807971 0.23875 0.00724638 0.01 0.713379
0 0.65942 0.530625 0.00905797 0.01125 0.719238
0 0.487772 0.57375 0.00815217 0.0125 0.724609
0 0.921196 0.478125 0.00724638 0.01125 0.727539
0 0.257699 0.521875 0.00815217 0.01125 0.734375
