0 0.662591 0.434375 0.00996377 0.01375 0.270996
0 0.288043 0.415625 0.00905797 0.01125 0.325439
0 0.408062 0.533125 0.00815217 0.01125 0.328613
0 0.980525 0.3525 0.00634058 0.01 0.406738
0 0.405344 0.940625 0.00815217 0.01125 0.429199
0 0.194746 0.643125 0.00724638 0.01125 0.487793
0 0.66712 0.4375 0.00815217 0.0125 0.500488
0 0.352355 0.521875 0.00724638 0.01125 0.513184
0 0.850091 0.553125 0.00815217 0.01125 0.521973
0 0.30933 0.4275 0.00815217 0.0125 0.533691
0 0.875906 0.88125 0.00724638 0.01 0.538574
0 0.322464 0.943125 0.00724638 0.00875 0.555664
0 0.788043 0.8775 0.00724638 0.01 0.588379
0 0.337862 0.265 0.00724638 0.01 0.591309
0 0.740489 0.635625 0.00815217 0.01125 0.59375
0 0.213768 0.646875 0.00724638 0.01125 0.597168
0 0.362319 0.635625 0.00724638 0.01125 0.599121
0 0.250453 0.485625 0.00815217 0.01125 0.600098
0 0.364583 0.598125 0.00815217 0.01125 0.600586
0 0.970562 0.383125 0.00634058 0.00875 0.601074
0 0.51721 0.2475 0.00724638 0.01 0.610352
0 0.241395 0.776875 0.00815217 0.01125 0.61084
0 0.211051 0.24375 0.00724638 0.01 0.612793
0 0.992301 0.365 0.00634058 0.01 0.613281
0 0.327899 0.779375 0.00724638 0.01125 0.613281
0 0.223732 0.22625 0.00724638 0.01 0.620605
0 0.258152 0.861875 0.00724638 0.01125 0.62207
0 0.626359 0.6875 0.00815217 0.0125 0.626953
0 0.836051 0.899375 0.00724638 0.00875 0.628906
0 0.777174 0.97 0.00724638 0.01 0.629883
0 0.513587 0.03125 0.00724638 0.01 0.633301
0 0.755435 0.07375 0.00543478 0.01 0.633789
0 0.339221 0.19625 0.00634058 0.01 0.633789
0 0.529891 0.28625 0.00905797 0.0125 0.636719
0 0.532156 0.736875 0.00815217 0.01125 0.637695
0 0.240489 0.735625 0.00815217 0.01125 0.638672
0 0.288949 0.22125 0.00724638 0.01 0.64209
0 0.40308 0.2375 0.00724638 0.01 0.64209
0 0.751812 0.29125 0.00724638 0.01 0.64502
0 0.801178 0.204375 0.00634058 0.00875 0.646484
0 0.741395 0.65625 0.00815217 0.01 0.654297
0 0.672554 0.87 0.00815217 0.01 0.654297
0 0.586504 0.28 0.00815217 0.01 0.655762
0 0.591033 0.4975 0.00996377 0.0125 0.65625
0 0.88904 0.72 0.00815217 0.01 0.657227
0 0.316576 0.365625 0.00815217 0.01125 0.658691
0 0.924366 0.755625 0.00815217 0.01125 0.660156
0 0.557971 0.36625 0.00905797 0.0125 0.660645
0 0.820199 0.826875 0.00815217 0.01125 0.661621
0 0.59375 0.73375 0.00815217 0.0125 0.663086
0 0.575181 0.11875 0.00724638 0.01 0.663574
0 0.76721 0.25375 0.00724638 0.01 0.665527
0 0.553442 0.06125 0.00724638 0.01 0.666504
0 0.383152 0.301875 0.00724638 0.01125 0.666992
0 0.748188 0.863125 0.00724638 0.01125 0.669434
0 0.74683 0.036875 0.00634058 0.00875 0.672363
0 0.376812 0.254375 0.00724638 0.01125 0.673828
0 0.595109 0.1675 0.00724638 0.01 0.674316
0 0.89538 0.658125 0.00815217 0.01125 0.675293
0 0.880888 0.291875 0.00634058 0.00875 0.675293
0 0.28442 0.305 0.00724638 0.01 0.67627
0 0.320652 0.2025 0.00724638 0.01 0.679688
0 0.944293 0.715625 0.00815217 0.01125 0.682129
0 0.264946 0.698125 0.00815217 0.01125 0.682617
0 0.654438 0.27625 0.00815217 0.01 0.683105
0 0.57971 0.5175 0.00905797 0.0125 0.685059
0 0.791667 0.29125 0.00724638 0.01 0.686035
0 0.74683 0.695625 0.00815217 0.01125 0.687988
0 0.897645 0.616875 0.00724638 0.01125 0.691406
0 0.69837 0.82125 0.00724638 0.01 0.691406
0 0.807065 0.886875 0.00724638 0.01125 0.692383
0 0.48913 0.1525 0.00724638 0.01 0.692871
0 0.586504 0.318125 0.00815217 0.01125 0.693359
0 0.894475 0.24375 0.00634058 0.01 0.693848
0 0.716938 0.90125 0.00815217 0.01 0.696777
0 0.366848 0.919375 0.00724638 0.01125 0.697266
0 0.291214 0.388125 0.00815217 0.01125 0.697266
0 0.380888 0.5 0.00815217 0.0125 0.704102
0 0.495018 0.370625 0.00815217 0.01125 0.706055
0 0.79212 0.321875 0.00815217 0.01125 0.706055
0 0.638587 0.063125 0.00724638 0.00875 0.707031
0 0.634058 0.86 0.00724638 0.01 0.708496
0 0.508605 0.7475 0.00815217 0.01 0.713379
0 0.797101 0.40375 0.00905797 0.0125 0.713867
0 0.478714 0.330625 0.00815217 0.01125 0.719727
0 0.567029 0.724375 0.00905797 0.01125 0.727051
