0 0.526721 0.101875 0.00815217 0.01125 0.678223
0 0.215127 0.32375 0.00815217 0.0125 0.684082
0 0.363678 0.519375 0.00815217 0.01125 0.686035
0 0.34375 0.478125 0.00815217 0.01125 0.699707
0 0.320652 0.109375 0.00724638 0.01125 0.702148
0 0.452899 0.819375 0.00905797 0.01125 0.702148
0 0.27808 0.835 0.00905797 0.0125 0.707031
0 0.769928 0.59875 0.00905797 0.0125 0.711914
0 0.373641 0.090625 0.00815217 0.01125 0.714355
0 0.796649 0.663125 0.00815217 0.01375 0.71582
0 0.435236 0.729375 0.00815217 0.01125 0.722168
0 0.360507 0.94 0.00905797 0.0125 0.727539
0 0.436141 0.84375 0.00815217 0.0125 0.729004
0 0.386775 0.503125 0.00905797 0.01125 0.731934
0 0.378623 0.786875 0.00905797 0.01125 0.73291
0 0.396286 0.45375 0.00815217 0.0125 0.742676
0 0.521739 0.2775 0.00905797 0.0125 0.748047
0 0.583333 0.4625 0.00905797 0.0125 0.749023
0 0.623188 0.43625 0.00905797 0.0125 0.750977
