0 0.537138 0.64875 0.00905797 0.0125 0.260254
0 0.290308 0.6325 0.00996377 0.0125 0.276611
0 0.531703 0.636875 0.00905797 0.01375 0.371338
0 0.887228 0.2775 0.00815217 0.0125 0.462891
0 0.461051 0.975625 0.00905797 0.01125 0.48999
0 0.300725 0.6325 0.00905797 0.0125 0.518066
0 0.427989 0.625625 0.00815217 0.01125 0.563477
0 0.175272 0.725625 0.00815217 0.01125 0.623535
0 0.529891 0.6325 0.00905797 0.0125 0.631348
0 0.288496 0.100625 0.00815217 0.01125 0.656738
0 0.933424 0.8025 0.00815217 0.01 0.658691
0 0.442935 0.839375 0.00905797 0.01125 0.677246
0 0.71875 0.943125 0.00815217 0.01125 0.678223
0 0.692482 0.750625 0.00815217 0.01125 0.678711
0 0.775362 0.498125 0.00905797 0.01125 0.680176
0 0.575181 0.446875 0.00905797 0.01125 0.681152
0 0.513587 0.62375 0.00905797 0.0125 0.682129
0 0.303895 0.698125 0.00815217 0.01125 0.685059
0 0.686141 0.89 0.00815217 0.0125 0.688477
0 0.336504 0.14625 0.00815217 0.0125 0.691406
0 0.890851 0.291875 0.00815217 0.01125 0.693359
0 0.156703 0.29875 0.00724638 0.01 0.694336
0 0.723279 0.353125 0.00815217 0.01125 0.696289
0 0.287591 0.635 0.00815217 0.0125 0.698242
0 0.269022 0.811875 0.00905797 0.01125 0.703613
0 0.228714 0.29875 0.00815217 0.01 0.705078
0 0.738678 0.283125 0.00815217 0.01125 0.708496
0 0.435236 0.6425 0.00815217 0.0125 0.708496
0 0.533514 0.88 0.00905797 0.0125 0.709961
0 0.404891 0.071875 0.00905797 0.01125 0.711914
0 0.456069 0.691875 0.00815217 0.01125 0.712891
0 0.664855 0.898125 0.00724638 0.01125 0.713379
0 0.596467 0.683125 0.00815217 0.01125 0.713867
0 0.515851 0.07 0.00815217 0.0125 0.714844
0 0.695199 0.233125 0.00815217 0.01125 0.715332
0 0.822011 0.6825 0.00815217 0.0125 0.716797
0 0.691576 0.323125 0.00815217 0.01125 0.716797
0 0.668931 0.45875 0.00815217 0.0125 0.717773
0 0.356884 0.159375 0.00724638 0.01125 0.718262
0 0.885417 0.27 0.00815217 0.01 0.71875
0 0.721014 0.375625 0.00905797 0.01125 0.719238
0 0.741848 0.238125 0.00724638 0.01125 0.719238
0 0.334692 0.466875 0.00815217 0.01125 0.719727
0 0.633152 0.6325 0.00905797 0.0125 0.719727
0 0.879529 0.2 0.00724638 0.01 0.719727
0 0.690217 0.134375 0.00724638 0.01125 0.720215
0 0.409873 0.481875 0.00815217 0.01125 0.721191
0 0.510417 0.90625 0.00815217 0.01 0.722656
0 0.649909 0.403125 0.00815217 0.01125 0.723633
0 0.382699 0.89875 0.00815217 0.0125 0.727051
0 0.489583 0.80125 0.00815217 0.0125 0.728516
0 0.745924 0.175625 0.00815217 0.01125 0.72998
0 0.537138 0.2875 0.00905797 0.0125 0.731445
0 0.817935 0.10125 0.00724638 0.01 0.731445
0 0.478714 0.083125 0.00815217 0.01125 0.733398
0 0.379076 0.524375 0.00815217 0.01125 0.733398
0 0.60779 0.295625 0.00905797 0.01125 0.733887
0 0.658514 0.51 0.00905797 0.0125 0.734375
0 0.203804 0.736875 0.00905797 0.01125 0.735352
0 0.548007 0.074375 0.00724638 0.01125 0.73584
0 0.407609 0.40875 0.00905797 0.0125 0.73584
0 0.235054 0.743125 0.00815217 0.01125 0.73584
0 0.508152 0.6625 0.00905797 0.0125 0.73584
0 0.701087 0.270625 0.00724638 0.01125 0.736328
0 0.673007 0.384375 0.00724638 0.01125 0.736816
0 0.503623 0.399375 0.00905797 0.01125 0.737305
0 0.647192 0.831875 0.00815217 0.01125 0.737793
0 0.853261 0.09 0.00724638 0.01 0.739258
0 0.445652 0.4025 0.00905797 0.0125 0.743652
0 0.92029 0.345625 0.00724638 0.01125 0.745117
0 0.570652 0.28875 0.00905797 0.0125 0.746582
0 0.380888 0.77375 0.00815217 0.0125 0.750977
