0 0.267663 0.264375 0.00815217 0.01125 0.423584
0 0.71558 0.61375 0.00905797 0.01 0.449951
0 0.575634 0.085 0.00815217 0.01 0.612793
0 0.700181 0.516875 0.00905797 0.01125 0.619141
0 0.736866 0.319375 0.00815217 0.01125 0.637695
0 0.363678 0.433125 0.00815217 0.01125 0.643555
0 0.297101 0.318125 0.00724638 0.01125 0.654297
0 0.715127 0.344375 0.00815217 0.01125 0.657227
0 0.953804 0.51375 0.00724638 0.01 0.666016
0 0.95154 0.35625 0.00815217 0.01 0.666504
0 0.586051 0.36 0.00905797 0.0125 0.669434
0 0.532156 0.095625 0.00815217 0.01125 0.67041
0 0.351902 0.659375 0.00815217 0.01125 0.672363
0 0.85462 0.803125 0.00815217 0.01125 0.678223
0 0.703351 0.645 0.00815217 0.0125 0.680664
0 0.495018 0.4275 0.00815217 0.0125 0.684082
0 0.368207 0.85 0.00815217 0.01 0.689453
0 0.685688 0.746875 0.00724638 0.01125 0.691406
0 0.345562 0.695625 0.00815217 0.01125 0.701172
0 0.69837 0.591875 0.00905797 0.01125 0.704102
0 0.562047 0.349375 0.00815217 0.01125 0.708984
0 0.394022 0.4125 0.00905797 0.0125 0.710938
0 0.688859 0.384375 0.00815217 0.01125 0.730957
