0 0.932065 0.793125 0.00724638 0.00875 0.574707
0 0.813406 0.6575 0.00724638 0.0125 0.594238
0 0.42663 0.24125 0.00724638 0.01 0.616699
0 0.466938 0.70875 0.00815217 0.01 0.628906
0 0.725996 0.268125 0.00815217 0.01125 0.638672
0 0.805707 0.801875 0.00815217 0.01125 0.643066
0 0.619565 0.231875 0.00724638 0.01125 0.661621
0 0.626359 0.305 0.00815217 0.0125 0.678223
0 0.46558 0.30625 0.00905797 0.0125 0.692871
0 0.965127 0.71875 0.00815217 0.01 0.692871
0 0.492754 0.740625 0.00905797 0.01125 0.700195
0 0.663496 0.315625 0.00815217 0.01125 0.701172
0 0.477808 0.568125 0.00815217 0.01125 0.704102
0 0.913496 0.616875 0.00815217 0.01125 0.707031
0 0.780344 0.744375 0.00815217 0.01125 0.708984
0 0.730072 0.44875 0.00905797 0.0125 0.711426
