0 0.411232 0.743125 0.00724638 0.01125 0.389648
0 0.96558 0.354375 0.00724638 0.01125 0.471191
0 0.404891 0.410625 0.00905797 0.01125 0.522461
0 0.759058 0.0325 0.00724638 0.01 0.548828
0 0.495924 0.575 0.00815217 0.0125 0.559082
0 0.559783 0.95375 0.00724638 0.01 0.57373
0 0.769475 0.975 0.00634058 0.01 0.590332
0 0.152174 0.495 0.00724638 0.01 0.595215
0 0.723279 0.70125 0.00815217 0.0125 0.622559
0 0.652174 0.84125 0.00724638 0.01 0.662598
0 0.164855 0.358125 0.00724638 0.01125 0.663574
0 0.856884 0.553125 0.00724638 0.01125 0.668457
0 0.461051 0.17 0.00724638 0.01 0.673828
0 0.425272 0.571875 0.00815217 0.01125 0.675781
0 0.730978 0.26 0.00724638 0.01 0.677734
0 0.375906 0.2025 0.00724638 0.01 0.678223
0 0.807971 0.650625 0.00724638 0.01125 0.679688
0 0.891304 0.775625 0.00724638 0.01125 0.682617
0 0.34058 0.755625 0.00724638 0.01125 0.687988
0 0.44837 0.1425 0.00724638 0.01 0.695312
0 0.639493 0.18875 0.00724638 0.01 0.69873
0 0.411232 0.22625 0.00724638 0.01 0.710449
0 0.459239 0.598125 0.00905797 0.01375 0.711426
0 0.929801 0.74625 0.00815217 0.01 0.71582
0 0.947917 0.693125 0.00815217 0.01125 0.717285
0 0.671196 0.32375 0.00905797 0.0125 0.733398
