0 0.141304 0.548125 0.00724638 0.01125 0.255615
0 0.547554 0.2025 0.00996377 0.0175 0.286133
0 0.743659 0.8375 0.00724638 0.01 0.296631
0 0.54846 0.194375 0.00815217 0.01375 0.356445
0 0.269928 0.2775 0.0108696 0.015 0.365967
0 0.515851 0.965 0.00815217 0.01 0.418457
0 0.274004 0.744375 0.00815217 0.01125 0.486084
0 0.918931 0.663125 0.00815217 0.01125 0.497559
0 0.980525 0.336875 0.00815217 0.01125 0.510254
0 0.456522 0.978125 0.00724638 0.01125 0.511719
0 0.317935 0.259375 0.00905797 0.01125 0.511719
0 0.274909 0.270625 0.00815217 0.01125 0.530762
0 0.261775 0.7525 0.00905797 0.0125 0.550293
0 0.381793 0.94125 0.00815217 0.0125 0.562988
0 0.307971 0.021875 0.00724638 0.00875 0.579102
0 0.401268 0.41375 0.00905797 0.0125 0.59082
0 0.211504 0.43125 0.00815217 0.0125 0.592773
0 0.291667 0.035 0.00724638 0.01 0.595215
0 0.438859 0.6575 0.00815217 0.0125 0.599609
0 0.292572 0.584375 0.00905797 0.01125 0.601074
0 0.384058 0.9675 0.00724638 0.01 0.62793
0 0.549366 0.189375 0.00815217 0.01125 0.628906
0 0.624094 0.915 0.00724638 0.01 0.63916
0 0.562953 0.619375 0.00815217 0.01125 0.64209
0 0.638587 0.921875 0.00724638 0.01125 0.647949
0 0.794384 0.025 0.00724638 0.01 0.649902
0 0.925725 0.795 0.00724638 0.0125 0.661133
0 0.578351 0.940625 0.00815217 0.01125 0.669434
0 0.547101 0.206875 0.00724638 0.01125 0.672852
0 0.754529 0.05625 0.00724638 0.01 0.673828
0 0.746377 0.098125 0.00724638 0.01125 0.675781
0 0.978261 0.359375 0.00724638 0.01125 0.67627
0 0.5625 0.73375 0.00905797 0.0125 0.676758
0 0.302083 0.605 0.00815217 0.0125 0.678711
0 0.660779 0.903125 0.00815217 0.01125 0.680176
0 0.6875 0.8875 0.00724638 0.01 0.680176
0 0.888134 0.303125 0.00815217 0.01125 0.680664
0 0.639493 0.949375 0.00724638 0.01125 0.680664
0 0.828804 0.695625 0.00724638 0.01125 0.682617
0 0.692935 0.7475 0.00724638 0.01 0.683105
0 0.880435 0.26875 0.00724638 0.0125 0.683594
0 0.981431 0.600625 0.00815217 0.01125 0.683594
0 0.725996 0.358125 0.00815217 0.01125 0.6875
0 0.649909 0.4125 0.00815217 0.0125 0.688477
0 0.15308 0.29875 0.00724638 0.01 0.689453
0 0.735507 0.320625 0.00724638 0.01125 0.689453
0 0.265851 0.280625 0.00815217 0.01125 0.689453
0 0.538496 0.665625 0.00815217 0.01375 0.689453
0 0.713315 0.944375 0.00815217 0.01125 0.690918
0 0.308424 0.701875 0.00815217 0.01125 0.691406
0 0.691576 0.323125 0.00815217 0.01125 0.693848
0 0.53125 0.885625 0.00815217 0.01125 0.694336
0 0.608243 0.953125 0.00815217 0.01125 0.694824
0 0.332428 0.140625 0.00905797 0.01125 0.695312
0 0.513134 0.074375 0.00815217 0.01125 0.695801
0 0.564764 0.63875 0.00815217 0.0125 0.696289
0 0.233696 0.45625 0.00905797 0.0125 0.697754
0 0.454257 0.694375 0.00815217 0.01125 0.699707
0 0.692482 0.139375 0.00815217 0.01125 0.700195
0 0.23913 0.678125 0.00905797 0.01125 0.700195
0 0.394475 0.680625 0.00815217 0.01125 0.70166
0 0.272645 0.109375 0.00905797 0.01125 0.702148
0 0.893569 0.651875 0.00815217 0.01125 0.702637
0 0.302083 0.639375 0.00815217 0.01125 0.703125
0 0.41712 0.213125 0.00815217 0.01125 0.70459
0 0.471014 0.099375 0.00724638 0.01125 0.70752
0 0.810236 0.113125 0.00815217 0.01125 0.708496
0 0.490942 0.8125 0.00905797 0.0125 0.708984
0 0.693841 0.228125 0.00724638 0.01125 0.708984
0 0.720562 0.38 0.00815217 0.0125 0.708984
0 0.425272 0.6275 0.00815217 0.0125 0.709473
0 0.644022 0.848125 0.00905797 0.01125 0.709473
0 0.581522 0.91375 0.00724638 0.0125 0.709961
0 0.578351 0.176875 0.00815217 0.01125 0.709961
0 0.851449 0.091875 0.00724638 0.01125 0.710938
0 0.740036 0.288125 0.00905797 0.01125 0.711914
0 0.20471 0.745 0.00905797 0.0125 0.711914
0 0.392663 0.213125 0.00815217 0.01125 0.715332
0 0.572917 0.210625 0.00815217 0.01125 0.716309
0 0.227355 0.305 0.00905797 0.0125 0.717285
0 0.438859 0.845 0.00815217 0.0125 0.717285
0 0.379982 0.89625 0.00815217 0.0125 0.717773
0 0.630888 0.63375 0.00815217 0.0125 0.71875
0 0.745018 0.244375 0.00815217 0.01125 0.71875
0 0.278986 0.643125 0.00905797 0.01125 0.71875
0 0.259964 0.813125 0.00905797 0.01125 0.719727
0 0.39538 0.645 0.00815217 0.0125 0.719727
0 0.743207 0.185625 0.00815217 0.01125 0.720215
0 0.546649 0.075 0.00815217 0.0125 0.720703
0 0.403533 0.075625 0.00815217 0.01125 0.721191
0 0.548007 0.75375 0.00905797 0.0125 0.721191
0 0.358696 0.168125 0.00905797 0.01125 0.722656
0 0.32971 0.47 0.00905797 0.0125 0.726074
0 0.235054 0.749375 0.00815217 0.01125 0.727051
0 0.93433 0.5875 0.00815217 0.01 0.727539
0 0.907156 0.554375 0.00815217 0.01125 0.729004
0 0.502717 0.3975 0.00905797 0.0125 0.730469
0 0.92346 0.35875 0.00815217 0.0125 0.730469
0 0.574728 0.44375 0.00996377 0.0125 0.731934
0 0.668931 0.395 0.00815217 0.0125 0.731934
0 0.697917 0.279375 0.00815217 0.01125 0.732422
0 0.596014 0.6925 0.00905797 0.0125 0.735352
0 0.773098 0.48625 0.00815217 0.0125 0.736328
0 0.507699 0.61875 0.00815217 0.0125 0.739258
0 0.410326 0.48625 0.00905797 0.0125 0.741211
0 0.502717 0.911875 0.00724638 0.01125 0.741699
0 0.532609 0.63125 0.00905797 0.0125 0.742676
0 0.443841 0.4175 0.00905797 0.0125 0.742676
0 0.877264 0.199375 0.00815217 0.01125 0.745605
0 0.532609 0.29625 0.00905797 0.0125 0.746094
0 0.668931 0.46375 0.00815217 0.0125 0.74707
0 0.568388 0.29 0.00815217 0.0125 0.749023
0 0.256793 0.46375 0.00815217 0.0125 0.749512
0 0.655344 0.5225 0.00815217 0.0125 0.75
0 0.372283 0.77875 0.00905797 0.0125 0.751953
0 0.377717 0.54125 0.00905797 0.0125 0.756836
0 0.504076 0.678125 0.00815217 0.01125 0.756836
0 0.607337 0.30875 0.00815217 0.0125 0.759277
