0 0.240036 0.751875 0.00905797 0.01375 0.491211
0 0.216033 0.62 0.00815217 0.01 0.61084
0 0.913496 0.2425 0.00815217 0.01 0.64209
0 0.427989 0.968125 0.00815217 0.01125 0.647461
0 0.154438 0.579375 0.00815217 0.01125 0.647949
0 0.23279 0.613125 0.00905797 0.01125 0.649902
0 0.822011 0.956875 0.00815217 0.01125 0.65332
0 0.511775 0.159375 0.00905797 0.01125 0.655273
0 0.178442 0.236875 0.00724638 0.01125 0.660645
0 0.899909 0.284375 0.00815217 0.01125 0.662109
0 0.237319 0.75 0.00905797 0.0125 0.671387
0 0.388587 0.02875 0.00724638 0.01 0.67627
0 0.499547 0.0225 0.00634058 0.01 0.677246
0 0.600091 0.670625 0.00815217 0.01125 0.679199
0 0.59375 0.966875 0.00815217 0.01125 0.682129
0 0.76404 0.394375 0.00815217 0.01125 0.685547
0 0.157156 0.549375 0.00815217 0.01125 0.6875
0 0.424819 0.929375 0.00905797 0.01125 0.687988
0 0.874094 0.601875 0.00905797 0.01125 0.689453
0 0.488225 0.79 0.00905797 0.0125 0.693848
0 0.264946 0.269375 0.00815217 0.01125 0.695312
0 0.286685 0.636875 0.00815217 0.01125 0.700195
0 0.745924 0.375625 0.00815217 0.01125 0.702637
0 0.799366 0.323125 0.00815217 0.01125 0.704102
0 0.266757 0.094375 0.00815217 0.01125 0.70459
0 0.330163 0.090625 0.00815217 0.01125 0.705078
0 0.509964 0.441875 0.00905797 0.01375 0.711914
0 0.468297 0.866875 0.00724638 0.01125 0.712402
0 0.538043 0.409375 0.00905797 0.01375 0.714355
0 0.452899 0.88625 0.00905797 0.0125 0.718262
0 0.402627 0.91125 0.00815217 0.0125 0.718262
0 0.62817 0.633125 0.00815217 0.01125 0.719238
0 0.429801 0.73375 0.00815217 0.0125 0.720215
0 0.394475 0.08 0.00815217 0.0125 0.720703
0 0.483243 0.095 0.00815217 0.01 0.72168
0 0.86413 0.379375 0.00724638 0.01125 0.724121
0 0.76721 0.271875 0.00724638 0.01125 0.727539
0 0.435236 0.701875 0.00815217 0.01125 0.728027
0 0.308877 0.57875 0.00905797 0.0125 0.728027
0 0.501812 0.395625 0.00905797 0.01375 0.729004
0 0.63904 0.81375 0.00815217 0.0125 0.732422
0 0.50317 0.748125 0.00815217 0.01125 0.733398
0 0.257246 0.46375 0.00905797 0.0125 0.736816
0 0.795743 0.47875 0.00815217 0.0125 0.739258
0 0.634964 0.575625 0.00905797 0.01125 0.740234
0 0.508605 0.498125 0.00996377 0.01375 0.740723
0 0.594203 0.5375 0.00905797 0.0125 0.744629
0 0.346467 0.298125 0.00815217 0.01125 0.745605
0 0.266304 0.766875 0.00905797 0.01375 0.754883
