0 0.143116 0.385 0.00724638 0.01 0.423096
0 0.663043 0.84625 0.00724638 0.01 0.541992
0 0.432518 0.545 0.00815217 0.0125 0.572754
0 0.675272 0.690625 0.00815217 0.01125 0.597656
0 0.824275 0.380625 0.00724638 0.01125 0.640137
0 0.742754 0.713125 0.00905797 0.01125 0.667969
0 0.350996 0.756875 0.00815217 0.01125 0.672363
0 0.572011 0.36875 0.00815217 0.0125 0.672852
0 0.88587 0.689375 0.00724638 0.01125 0.675293
0 0.37817 0.390625 0.00815217 0.01125 0.69043
0 0.772645 0.309375 0.00724638 0.01125 0.695801
0 0.879529 0.555 0.00724638 0.01 0.695801
0 0.722826 0.898125 0.00724638 0.01125 0.70166
0 0.753623 0.859375 0.00724638 0.01125 0.702148
0 0.576993 0.720625 0.00905797 0.01125 0.702637
0 0.646286 0.753125 0.00815217 0.01125 0.702637
0 0.68433 0.25125 0.00815217 0.01 0.708008
0 0.40308 0.923125 0.00724638 0.01125 0.711426
