0 0.163496 0.51375 0.0117754 0.015 0.254639
0 0.425272 0.65125 0.00815217 0.0125 0.260254
0 0.460598 0.748125 0.00996377 0.01375 0.265137
0 0.363225 0.518125 0.00905797 0.01375 0.266357
0 0.51087 0.568125 0.00905797 0.01375 0.268799
0 0.247736 0.121875 0.00996377 0.01375 0.279541
0 0.370018 0.666875 0.00815217 0.01125 0.290283
0 0.514493 0.5725 0.00905797 0.0125 0.30249
0 0.82971 0.438125 0.00724638 0.01125 0.305176
0 0.853261 0.03625 0.00724638 0.0125 0.306885
0 0.835145 0.141875 0.00905797 0.01125 0.365723
0 0.139493 0.52125 0.00724638 0.01 0.378906
0 0.848279 0.051875 0.00815217 0.01125 0.379883
0 0.42346 0.64375 0.00815217 0.0125 0.424561
0 0.886775 0.615 0.0108696 0.0125 0.427979
0 0.366395 0.661875 0.00815217 0.01375 0.429688
0 0.735507 0.398125 0.00905797 0.01125 0.432129
0 0.916214 0.280625 0.00815217 0.01125 0.434814
0 0.506793 0.59 0.00815217 0.0125 0.44751
0 0.240036 0.116875 0.00724638 0.01125 0.512695
0 0.251359 0.75875 0.00815217 0.0125 0.519531
0 0.495018 0.68375 0.00815217 0.01 0.52002
0 0.407156 0.724375 0.00815217 0.01125 0.536621
0 0.142663 0.3075 0.00815217 0.0125 0.543945
0 0.422554 0.638125 0.00815217 0.01125 0.545898
0 0.839221 0.14125 0.00815217 0.01 0.557617
0 0.802989 0.884375 0.00815217 0.01125 0.5625
0 0.504529 0.969375 0.00724638 0.01125 0.572754
0 0.85462 0.025 0.00634058 0.01 0.572754
0 0.386322 0.605625 0.00815217 0.01125 0.576172
0 0.418025 0.8475 0.00815217 0.0125 0.59375
0 0.241395 0.381875 0.00815217 0.01125 0.603027
0 0.205616 0.508125 0.00905797 0.01125 0.604492
0 0.466033 0.73 0.00815217 0.01 0.607422
0 0.430707 0.9675 0.00815217 0.01 0.614258
0 0.189764 0.513125 0.00815217 0.01125 0.623047
0 0.501359 0.6825 0.00815217 0.0125 0.625488
0 0.171196 0.523125 0.00724638 0.01125 0.626465
0 0.251359 0.126875 0.00815217 0.01125 0.626953
0 0.721467 0.356875 0.00815217 0.01125 0.633301
0 0.985054 0.518125 0.00815217 0.01125 0.638184
0 0.916214 0.275625 0.00815217 0.01125 0.638184
0 0.422554 0.564375 0.00815217 0.01125 0.648926
0 0.168931 0.67375 0.00815217 0.0125 0.649414
0 0.241848 0.845 0.00905797 0.0125 0.651367
0 0.382246 0.033125 0.00724638 0.01125 0.652832
0 0.220562 0.3375 0.00815217 0.0125 0.65625
0 0.158967 0.61125 0.00815217 0.01 0.656738
0 0.709239 0.355 0.00905797 0.0125 0.658203
0 0.186141 0.69375 0.00815217 0.0125 0.658203
0 0.925725 0.795 0.00724638 0.01 0.661133
0 0.438859 0.933125 0.00815217 0.01125 0.662598
0 0.46558 0.753125 0.00724638 0.01125 0.665039
0 0.490942 0.948125 0.00724638 0.01125 0.665527
0 0.84692 0.05625 0.00724638 0.01 0.66748
0 0.685236 0.971875 0.00815217 0.01125 0.667969
0 0.277627 0.274375 0.00815217 0.01125 0.668457
0 0.160326 0.586875 0.00724638 0.01125 0.669434
0 0.379982 0.094375 0.00815217 0.01125 0.67041
0 0.424366 0.825 0.00815217 0.01 0.671875
0 0.899909 0.31125 0.00815217 0.01 0.672363
0 0.424819 0.721875 0.00905797 0.01125 0.672363
0 0.641304 0.57875 0.00905797 0.0125 0.672852
0 0.82971 0.09625 0.00724638 0.01 0.672852
0 0.450634 0.6975 0.00815217 0.0125 0.673828
0 0.90625 0.148125 0.00815217 0.01125 0.675293
0 0.266757 0.843125 0.00815217 0.01125 0.677246
0 0.505435 0.558125 0.00905797 0.01125 0.677246
0 0.620471 0.0375 0.00724638 0.01 0.678711
0 0.486866 0.791875 0.00815217 0.01125 0.678711
0 0.445652 0.265625 0.00724638 0.01125 0.679688
0 0.412591 0.9125 0.00815217 0.01 0.679688
0 0.338315 0.33 0.00815217 0.0125 0.681152
0 0.562047 0.3975 0.00996377 0.0125 0.681641
0 0.157609 0.505625 0.00724638 0.01125 0.682129
0 0.883605 0.11125 0.00815217 0.01 0.682129
0 0.96558 0.51625 0.00724638 0.01 0.683594
0 0.390399 0.16875 0.00724638 0.01 0.685547
0 0.922554 0.42375 0.00815217 0.0125 0.686035
0 0.788043 0.90125 0.00724638 0.01 0.686035
0 0.509511 0.029375 0.00815217 0.01125 0.686035
0 0.82654 0.97125 0.00815217 0.01 0.687012
0 0.831975 0.83375 0.00815217 0.01 0.6875
0 0.538949 0.3725 0.00905797 0.0125 0.6875
0 0.280344 0.114375 0.00815217 0.01125 0.688965
0 0.409873 0.074375 0.00815217 0.01125 0.689453
0 0.487772 0.5925 0.00815217 0.0125 0.691406
0 0.226449 0.739375 0.00905797 0.01125 0.691895
0 0.466033 0.905625 0.00815217 0.01125 0.692871
0 0.353261 0.03375 0.00724638 0.01 0.693848
0 0.333333 0.36875 0.00905797 0.0125 0.694336
0 0.834239 0.54625 0.00724638 0.0125 0.694824
0 0.158062 0.354375 0.00815217 0.01125 0.696289
0 0.789855 0.41375 0.00724638 0.0125 0.696289
0 0.918931 0.215625 0.00815217 0.01125 0.696777
0 0.611866 0.68125 0.00815217 0.0125 0.696777
0 0.725543 0.11875 0.00724638 0.01 0.69873
0 0.905344 0.61375 0.00815217 0.0125 0.69873
0 0.466938 0.851875 0.00815217 0.01125 0.699707
0 0.393569 0.966875 0.00815217 0.01125 0.699707
0 0.427083 0.415 0.00815217 0.0125 0.700684
0 0.682971 0.888125 0.00724638 0.01125 0.702148
0 0.822011 0.874375 0.00815217 0.01125 0.703613
0 0.865489 0.77 0.00815217 0.01 0.704102
0 0.38904 0.734375 0.00815217 0.01125 0.706543
0 0.721014 0.860625 0.00724638 0.01125 0.707031
0 0.745471 0.14625 0.00724638 0.01 0.707031
0 0.598279 0.88375 0.00815217 0.01 0.708496
0 0.415761 0.37625 0.00905797 0.0125 0.708984
0 0.412138 0.595625 0.00905797 0.01125 0.708984
0 0.933424 0.168125 0.00815217 0.01125 0.709473
0 0.633605 0.2425 0.00815217 0.01 0.709473
0 0.837409 0.709375 0.00815217 0.01125 0.709961
0 0.373641 0.20625 0.00815217 0.01 0.710938
0 0.882246 0.615625 0.00905797 0.01125 0.711914
0 0.697917 0.80625 0.00815217 0.01 0.711914
0 0.614583 0.219375 0.00815217 0.01125 0.711914
0 0.497736 0.160625 0.00815217 0.01125 0.711914
0 0.203351 0.335625 0.00815217 0.01125 0.713867
0 0.272192 0.46625 0.00815217 0.0125 0.713867
0 0.752264 0.37625 0.00815217 0.0125 0.713867
0 0.33288 0.10625 0.00815217 0.01 0.714355
0 0.472826 0.108125 0.00724638 0.01125 0.714844
0 0.802083 0.34125 0.00815217 0.0125 0.715332
0 0.362772 0.1 0.00815217 0.01 0.716309
0 0.95788 0.486875 0.00815217 0.01125 0.716309
0 0.874094 0.373125 0.00724638 0.01125 0.717285
0 0.197464 0.56625 0.00905797 0.0125 0.717285
0 0.285326 0.7875 0.00905797 0.0125 0.71875
0 0.773098 0.248125 0.00815217 0.01125 0.719238
0 0.969656 0.715625 0.00815217 0.01125 0.719727
0 0.248188 0.618125 0.00905797 0.01125 0.721191
0 0.245018 0.405 0.00815217 0.0125 0.72168
0 0.795743 0.490625 0.00815217 0.01125 0.723633
0 0.497736 0.39375 0.00996377 0.0125 0.724609
0 0.523098 0.74375 0.00815217 0.0125 0.724609
0 0.947917 0.608125 0.00815217 0.01125 0.724609
0 0.62183 0.540625 0.00815217 0.01375 0.725098
0 0.214221 0.62625 0.00815217 0.0125 0.726074
0 0.827446 0.7525 0.00815217 0.01 0.727539
0 0.35779 0.288125 0.00905797 0.01125 0.728516
0 0.853261 0.229375 0.00724638 0.01125 0.729492
0 0.572464 0.511875 0.00905797 0.01375 0.729492
0 0.947011 0.43625 0.00815217 0.01 0.72998
0 0.453351 0.579375 0.00815217 0.01125 0.730469
0 0.63904 0.81875 0.00815217 0.01 0.731445
0 0.646739 0.636875 0.00905797 0.01375 0.731934
0 0.296649 0.633125 0.00815217 0.01375 0.732422
0 0.52808 0.43625 0.00905797 0.0125 0.732422
0 0.557518 0.870625 0.00815217 0.01125 0.732422
0 0.240036 0.560625 0.00905797 0.01125 0.73291
0 0.540761 0.189375 0.00724638 0.01125 0.733398
0 0.309783 0.575625 0.00905797 0.01125 0.740234
0 0.59692 0.519375 0.00905797 0.01375 0.742188
0 0.471467 0.291875 0.00815217 0.01125 0.743164
0 0.546196 0.44375 0.00905797 0.0125 0.745117
0 0.853261 0.199375 0.00724638 0.01125 0.746094
0 0.458333 0.3275 0.00905797 0.0125 0.752441
0 0.70788 0.893125 0.00815217 0.01125 0.755859
0 0.508605 0.50375 0.00996377 0.0125 0.755859
