0 0.26404 0.78375 0.00815217 0.0125 0.327148
0 0.388587 0.949375 0.00724638 0.01125 0.542969
0 0.174366 0.693125 0.00815217 0.01125 0.545898
0 0.741395 0.510625 0.00815217 0.01125 0.666504
0 0.690217 0.930625 0.00724638 0.00875 0.681641
0 0.223279 0.81375 0.00815217 0.0125 0.681641
0 0.516757 0.34625 0.00815217 0.0125 0.684082
0 0.385417 0.335625 0.00815217 0.01125 0.689453
0 0.547554 0.36125 0.00815217 0.0125 0.706055
0 0.711504 0.8475 0.00815217 0.01 0.713379
0 0.771286 0.550625 0.00815217 0.01125 0.717773
