0 0.324275 0.7725 0.00724638 0.01 0.328369
0 0.383605 0.03 0.00634058 0.01 0.493164
0 0.307065 0.215 0.00724638 0.01 0.499756
0 0.756793 0.494375 0.00815217 0.01125 0.574707
0 0.706522 0.439375 0.00905797 0.01125 0.580566
0 0.86096 0.7075 0.00815217 0.01 0.608887
0 0.735054 0.23125 0.00815217 0.01 0.629883
0 0.92346 0.585 0.00815217 0.01 0.640625
0 0.666667 0.286875 0.00724638 0.01125 0.654297
0 0.981884 0.68125 0.00724638 0.01 0.655273
0 0.856431 0.638125 0.00815217 0.01125 0.662109
0 0.79212 0.458125 0.00815217 0.01125 0.664062
0 0.638587 0.294375 0.00724638 0.01125 0.67041
0 0.469656 0.67375 0.00815217 0.01 0.671387
0 0.850996 0.685625 0.00815217 0.01125 0.675293
0 0.428442 0.2225 0.00724638 0.01 0.675781
0 0.78442 0.72625 0.00724638 0.01 0.675781
0 0.816576 0.623125 0.00815217 0.01125 0.678223
0 0.776721 0.4375 0.00815217 0.01 0.69043
0 0.621377 0.20375 0.00724638 0.01 0.691895
0 0.863225 0.40875 0.00724638 0.01 0.696289
0 0.484149 0.295625 0.00815217 0.01125 0.698242
0 0.825634 0.78125 0.00815217 0.01 0.701172
0 0.885417 0.638125 0.00815217 0.01125 0.70752
0 0.510417 0.725625 0.00815217 0.01125 0.708984
0 0.839221 0.419375 0.00815217 0.01125 0.714355
0 0.487319 0.5375 0.00905797 0.0125 0.719238
0 0.751359 0.40875 0.00815217 0.0125 0.724121
