0 0.271739 0.25125 0.00724638 0.01 0.453125
0 0.621377 0.76625 0.00905797 0.0125 0.544922
0 0.624547 0.19 0.00634058 0.01 0.551758
0 0.627264 0.78875 0.00815217 0.0125 0.567383
0 0.800725 0.448125 0.00724638 0.01125 0.57959
0 0.537591 0.50375 0.00996377 0.0125 0.57959
0 0.881793 0.758125 0.00815217 0.01125 0.57959
0 0.984149 0.65375 0.00815217 0.01 0.602539
0 0.64538 0.286875 0.00815217 0.01125 0.617676
0 0.780344 0.421875 0.00815217 0.01125 0.618652
0 0.873641 0.69125 0.00815217 0.01 0.637207
0 0.535326 0.54875 0.00905797 0.0125 0.637207
0 0.306612 0.734375 0.00815217 0.01125 0.64209
0 0.755435 0.390625 0.00724638 0.01125 0.651367
0 0.313859 0.1975 0.00815217 0.01 0.652344
0 0.519928 0.71625 0.00905797 0.0125 0.65625
0 0.741848 0.21 0.00724638 0.01 0.661133
0 0.841938 0.404375 0.00815217 0.01125 0.666016
0 0.877264 0.780625 0.00815217 0.01125 0.669434
0 0.497283 0.291875 0.00724638 0.01125 0.674805
0 0.784873 0.715625 0.00815217 0.01125 0.675293
0 0.468297 0.646875 0.00905797 0.01125 0.67627
0 0.898551 0.625 0.00724638 0.01 0.677246
0 0.839221 0.779375 0.00815217 0.01125 0.677246
0 0.866395 0.615 0.00815217 0.01 0.677246
0 0.822011 0.595625 0.00815217 0.01125 0.680176
0 0.924366 0.563125 0.00815217 0.01125 0.680176
0 0.431159 0.211875 0.00724638 0.01125 0.68457
0 0.902627 0.29 0.00634058 0.01 0.6875
0 0.700634 0.4275 0.00815217 0.0125 0.688477
0 0.342844 0.776875 0.00815217 0.01125 0.689453
0 0.859149 0.663125 0.00815217 0.01125 0.695801
0 0.920743 0.3175 0.00634058 0.01 0.69873
0 0.496377 0.5275 0.00905797 0.0125 0.700195
0 0.888134 0.373125 0.00815217 0.01125 0.709473
0 0.759511 0.483125 0.00815217 0.01125 0.710938
0 0.67029 0.26875 0.00724638 0.0125 0.71582
