0 0.430254 0.714375 0.00905797 0.01125 0.592773
0 0.626359 0.58375 0.00815217 0.0125 0.629883
0 0.370471 0.023125 0.00724638 0.01125 0.647949
0 0.613678 0.6275 0.00815217 0.0125 0.683105
0 0.189312 0.236875 0.00724638 0.01125 0.68457
0 0.817029 0.945625 0.00724638 0.01125 0.687012
0 0.491395 0.491875 0.00996377 0.01375 0.688965
0 0.863225 0.600625 0.00905797 0.01125 0.690918
0 0.589674 0.655 0.00905797 0.0125 0.692383
0 0.277174 0.6525 0.00905797 0.0125 0.693359
0 0.244565 0.4725 0.00905797 0.0125 0.700195
0 0.376359 0.079375 0.00815217 0.01125 0.701172
0 0.480072 0.071875 0.00905797 0.01125 0.70166
0 0.258152 0.080625 0.00724638 0.01125 0.702637
0 0.331069 0.081875 0.00815217 0.01125 0.708008
0 0.489583 0.025625 0.00815217 0.01125 0.710938
0 0.244565 0.2625 0.00724638 0.01 0.713867
0 0.254529 0.745625 0.00905797 0.01125 0.717285
0 0.584692 0.96125 0.00815217 0.0125 0.717285
0 0.786685 0.471875 0.00815217 0.01125 0.71875
0 0.297101 0.58125 0.00905797 0.0125 0.726074
0 0.851449 0.373125 0.00724638 0.01125 0.73291
0 0.584239 0.54125 0.00905797 0.0125 0.736328
0 0.333333 0.31375 0.00905797 0.0125 0.75293
0 0.632699 0.819375 0.00815217 0.01125 0.75293
