0 0.51404 0.13125 0.00634058 0.01 0.455078
0 0.278986 0.339375 0.00724638 0.01125 0.533691
0 0.612772 0.64 0.00815217 0.0125 0.580078
0 0.665761 0.945 0.00724638 0.01 0.628906
0 0.509511 0.269375 0.00815217 0.01125 0.632324
0 0.687047 0.95375 0.00634058 0.01 0.641113
0 0.296649 0.428125 0.00815217 0.01125 0.655273
0 0.575181 0.38875 0.00905797 0.0125 0.660645
0 0.381341 0.1175 0.00724638 0.01 0.664551
0 0.588315 0.294375 0.00815217 0.01125 0.667969
0 0.416214 0.288125 0.00815217 0.01125 0.668945
0 0.842844 0.34125 0.00815217 0.01 0.679688
0 0.812047 0.193125 0.00634058 0.00875 0.689941
0 0.931159 0.288125 0.00724638 0.01125 0.694336
0 0.603261 0.713125 0.00724638 0.01125 0.695312
0 0.805707 0.23625 0.00815217 0.01 0.696777
0 0.708333 0.96 0.00724638 0.01 0.69873
0 0.485054 0.5475 0.00815217 0.0125 0.70166
0 0.313406 0.0475 0.00724638 0.01 0.702637
0 0.308877 0.719375 0.00724638 0.01125 0.705078
0 0.65625 0.5375 0.00815217 0.0125 0.709473
0 0.490489 0.57375 0.00815217 0.0125 0.719238
