0 0.678442 0.973125 0.00724638 0.01125 0.63916
0 0.553442 0.09 0.00724638 0.0125 0.668945
0 0.543931 0.065625 0.00815217 0.01125 0.687012
0 0.601902 0.123125 0.00815217 0.01125 0.697754
0 0.235507 0.45375 0.00905797 0.0125 0.716309
0 0.678442 0.075 0.00724638 0.01 0.719727
0 0.547554 0.455625 0.00996377 0.01375 0.723633
0 0.70471 0.52625 0.00905797 0.0125 0.729004
0 0.309783 0.76375 0.00905797 0.0125 0.731445
0 0.563406 0.29875 0.00905797 0.0125 0.732422
0 0.245018 0.576875 0.00815217 0.01125 0.73291
0 0.676178 0.271875 0.00815217 0.01125 0.733398
0 0.553442 0.34875 0.00905797 0.0125 0.737793
0 0.413496 0.350625 0.00815217 0.01125 0.73877
0 0.352355 0.38375 0.00905797 0.0125 0.73877
0 0.677536 0.52875 0.00905797 0.0125 0.739746
0 0.37817 0.70125 0.00815217 0.0125 0.740723
0 0.539402 0.504375 0.00996377 0.01375 0.746094
