0 0.426178 0.56 0.00815217 0.0125 0.316406
0 0.88904 0.774375 0.00996377 0.01125 0.318115
0 0.822011 0.855625 0.00815217 0.01125 0.374023
0 0.821105 0.85 0.00815217 0.0125 0.520508
0 0.90308 0.606875 0.00724638 0.01125 0.581055
0 0.175725 0.2325 0.00724638 0.01 0.611816
0 0.428442 0.965 0.00724638 0.01 0.62207
0 0.245924 0.75375 0.00815217 0.0125 0.626953
0 0.342391 0.02125 0.00724638 0.01 0.63623
0 0.618659 0.014375 0.00724638 0.00875 0.640137
0 0.976449 0.705625 0.00724638 0.01125 0.640625
0 0.821105 0.960625 0.00815217 0.01125 0.64502
0 0.408967 0.628125 0.00815217 0.01125 0.648438
0 0.918025 0.60875 0.00815217 0.01 0.649414
0 0.154891 0.580625 0.00905797 0.01125 0.650879
0 0.518569 0.443125 0.00815217 0.01375 0.655273
0 0.586957 0.523125 0.00905797 0.01125 0.659668
0 0.822011 0.84125 0.00815217 0.0125 0.666016
0 0.230978 0.741875 0.00905797 0.01125 0.66748
0 0.82971 0.745625 0.00724638 0.01125 0.668945
0 0.529891 0.18125 0.00905797 0.0125 0.672852
0 0.437047 0.573125 0.00815217 0.01125 0.674316
0 0.213315 0.619375 0.00815217 0.01125 0.675293
0 0.891304 0.7775 0.00724638 0.01 0.675781
0 0.440217 0.703125 0.00905797 0.01125 0.67627
0 0.331522 0.0925 0.00724638 0.01 0.678223
0 0.272192 0.100625 0.00815217 0.01125 0.681152
0 0.511775 0.741875 0.00905797 0.01125 0.681641
0 0.831975 0.715625 0.00815217 0.01125 0.683594
0 0.248641 0.86875 0.00815217 0.01 0.684082
0 0.387681 0.026875 0.00724638 0.01125 0.68457
0 0.918025 0.231875 0.00815217 0.01125 0.685059
0 0.80163 0.3275 0.00724638 0.01 0.685059
0 0.875 0.768125 0.00724638 0.01125 0.687012
0 0.638134 0.811875 0.00815217 0.01125 0.687988
0 0.487319 0.79125 0.00905797 0.0125 0.688477
0 0.163496 0.529375 0.00815217 0.01125 0.688965
0 0.601902 0.6725 0.00815217 0.0125 0.69043
0 0.539402 0.3925 0.00815217 0.0125 0.696777
0 0.451087 0.894375 0.00724638 0.01125 0.698242
0 0.228714 0.568125 0.00815217 0.01125 0.69873
0 0.605525 0.54125 0.00815217 0.0125 0.69873
0 0.469656 0.85375 0.00815217 0.0125 0.699219
0 0.242301 0.608125 0.00815217 0.01125 0.700195
0 0.404438 0.911875 0.00815217 0.01125 0.700684
0 0.263587 0.463125 0.00905797 0.01125 0.70166
0 0.638587 0.571875 0.00724638 0.01125 0.70459
0 0.879529 0.6075 0.00724638 0.0125 0.70459
0 0.399004 0.075625 0.00815217 0.01125 0.705078
0 0.427536 0.93 0.00905797 0.0125 0.708008
0 0.503623 0.151875 0.00724638 0.01125 0.708496
0 0.745018 0.374375 0.00815217 0.01125 0.710449
0 0.47962 0.09625 0.00815217 0.01 0.710938
0 0.289855 0.6325 0.00905797 0.0125 0.713379
0 0.868207 0.375625 0.00815217 0.01125 0.714355
0 0.210598 0.580625 0.00815217 0.01125 0.714844
0 0.546196 0.4325 0.00905797 0.0125 0.714844
0 0.898551 0.29 0.00724638 0.01 0.71582
0 0.268569 0.270625 0.00815217 0.01125 0.716797
0 0.272645 0.7725 0.00905797 0.0125 0.716797
0 0.773551 0.4025 0.00905797 0.0125 0.717285
0 0.595562 0.969375 0.00815217 0.01125 0.718262
0 0.510417 0.498125 0.00996377 0.01375 0.720703
0 0.632246 0.6325 0.00905797 0.0125 0.726074
0 0.350996 0.298125 0.00815217 0.01125 0.728027
0 0.766757 0.255625 0.00815217 0.01125 0.72998
0 0.497736 0.39625 0.00996377 0.0125 0.732422
0 0.309783 0.58 0.00905797 0.0125 0.734863
0 0.50317 0.023125 0.00815217 0.01125 0.739746
0 0.571105 0.51 0.00996377 0.0125 0.740234
0 0.793931 0.480625 0.00815217 0.01125 0.744141
0 0.429348 0.72875 0.00905797 0.0125 0.747559
