0 0.191576 0.726875 0.00815217 0.01125 0.632324
0 0.83288 0.095 0.00815217 0.01 0.640137
0 0.666667 0.369375 0.00724638 0.01125 0.671387
0 0.475996 0.791875 0.00815217 0.01125 0.672852
0 0.738225 0.253125 0.00724638 0.01125 0.675293
0 0.81567 0.674375 0.00815217 0.01125 0.679199
0 0.305254 0.0925 0.00724638 0.01 0.679688
0 0.227355 0.295625 0.00905797 0.01125 0.686523
0 0.542572 0.074375 0.00724638 0.01125 0.689941
0 0.743659 0.163125 0.00724638 0.01125 0.691406
0 0.716938 0.951875 0.00815217 0.01125 0.694336
0 0.84692 0.091875 0.00724638 0.01125 0.695312
0 0.399909 0.065625 0.00815217 0.01125 0.70166
0 0.379529 0.766875 0.00905797 0.01125 0.703613
0 0.514493 0.068125 0.00905797 0.01125 0.706055
0 0.883605 0.205 0.00815217 0.01 0.706055
0 0.776268 0.5175 0.00905797 0.0125 0.707031
0 0.456069 0.69125 0.00815217 0.0125 0.719727
0 0.447011 0.39375 0.00815217 0.0125 0.720215
0 0.684783 0.75625 0.00905797 0.0125 0.72168
0 0.909873 0.323125 0.00815217 0.01125 0.722168
0 0.593297 0.674375 0.00905797 0.01125 0.722656
0 0.483243 0.069375 0.00815217 0.01125 0.724609
0 0.278533 0.715 0.00815217 0.0125 0.724609
0 0.577446 0.444375 0.00996377 0.01375 0.726074
0 0.37183 0.50875 0.00815217 0.0125 0.726562
0 0.679801 0.328125 0.00815217 0.01125 0.727539
0 0.27808 0.809375 0.00905797 0.01125 0.728516
0 0.65942 0.495625 0.00905797 0.01125 0.730957
0 0.669837 0.46125 0.00815217 0.0125 0.731934
0 0.408062 0.411875 0.00815217 0.01125 0.731934
0 0.532156 0.2725 0.00996377 0.0125 0.732422
0 0.624094 0.64 0.00905797 0.0125 0.73584
0 0.689312 0.14875 0.00724638 0.01 0.736328
0 0.647645 0.8075 0.00905797 0.0125 0.736816
0 0.339674 0.45625 0.00905797 0.0125 0.737793
0 0.644928 0.3975 0.00905797 0.0125 0.739258
0 0.440217 0.835 0.00905797 0.0125 0.741699
0 0.37817 0.905625 0.00815217 0.01125 0.743652
0 0.403986 0.4825 0.00905797 0.0125 0.744141
0 0.228714 0.7325 0.00815217 0.0125 0.744141
0 0.572464 0.284375 0.00905797 0.01125 0.745605
0 0.494112 0.4025 0.00815217 0.0125 0.74707
0 0.597826 0.289375 0.00905797 0.01375 0.760254
