0 0.456975 0.87125 0.00815217 0.0125 0.55127
0 0.416667 0.919375 0.00905797 0.01125 0.551758
0 0.404438 0.913125 0.00815217 0.01125 0.598633
0 0.822917 0.951875 0.00815217 0.01125 0.655273
0 0.591486 0.963125 0.00724638 0.01125 0.655762
0 0.425272 0.971875 0.00815217 0.01125 0.65625
0 0.385417 0.024375 0.00815217 0.01125 0.660156
0 0.26404 0.08625 0.00815217 0.01 0.666504
0 0.262681 0.7575 0.00905797 0.0125 0.682129
0 0.908062 0.259375 0.00815217 0.01125 0.688965
0 0.769022 0.279375 0.00724638 0.01125 0.692871
0 0.498188 0.026875 0.00724638 0.01125 0.694336
0 0.305254 0.57625 0.00905797 0.0125 0.702148
0 0.633152 0.576875 0.00905797 0.01125 0.703613
0 0.257699 0.265 0.00815217 0.01 0.70459
0 0.341938 0.305 0.00815217 0.0125 0.70752
0 0.87183 0.603125 0.00815217 0.01125 0.708008
0 0.794384 0.475 0.00905797 0.0125 0.708496
0 0.623188 0.63125 0.00905797 0.0125 0.709473
0 0.484149 0.7875 0.00815217 0.0125 0.713379
0 0.480978 0.090625 0.00724638 0.01125 0.713867
0 0.253623 0.46625 0.00905797 0.0125 0.714355
0 0.495018 0.748125 0.00815217 0.01125 0.715332
0 0.18433 0.235625 0.00815217 0.01125 0.716797
0 0.388587 0.080625 0.00905797 0.01125 0.719238
0 0.33288 0.086875 0.00815217 0.01125 0.724609
0 0.591033 0.53625 0.00996377 0.0125 0.728516
0 0.433424 0.705 0.00815217 0.0125 0.728516
0 0.501359 0.39875 0.00815217 0.0125 0.730957
0 0.899004 0.278125 0.00815217 0.01125 0.731934
0 0.796649 0.314375 0.00815217 0.01125 0.732422
0 0.427536 0.733125 0.00905797 0.01125 0.73291
0 0.503623 0.495 0.00905797 0.0125 0.73584
0 0.595562 0.66125 0.00815217 0.0125 0.736816
0 0.86096 0.375625 0.00815217 0.01125 0.737305
0 0.285326 0.64 0.00905797 0.0125 0.739746
0 0.503623 0.440625 0.00905797 0.01375 0.745117
0 0.639946 0.8175 0.00815217 0.0125 0.758789
