0 0.502264 0.07625 0.00815217 0.01 0.63623
0 0.592844 0.674375 0.00815217 0.01125 0.669922
0 0.714221 0.97125 0.00815217 0.01 0.671387
0 0.221014 0.296875 0.00724638 0.01125 0.672852
0 0.736866 0.16375 0.00815217 0.0125 0.673828
0 0.436594 0.836875 0.00905797 0.01125 0.677734
0 0.312953 0.099375 0.00815217 0.01125 0.685059
0 0.340127 0.461875 0.00815217 0.01125 0.693359
0 0.611413 0.65875 0.00905797 0.0125 0.696777
0 0.225091 0.730625 0.00815217 0.01125 0.704102
0 0.447464 0.7025 0.00905797 0.0125 0.706543
0 0.394475 0.07125 0.00815217 0.0125 0.710938
0 0.376359 0.7725 0.00815217 0.0125 0.712891
0 0.535779 0.081875 0.00815217 0.01125 0.714844
0 0.883605 0.21875 0.00815217 0.01 0.721191
0 0.366395 0.51 0.00815217 0.0125 0.721191
0 0.401721 0.4225 0.00815217 0.0125 0.722168
0 0.676178 0.771875 0.00815217 0.01125 0.722168
0 0.80933 0.67 0.00996377 0.0125 0.722168
0 0.487319 0.40875 0.00905797 0.0125 0.722656
0 0.46558 0.794375 0.00905797 0.01125 0.723145
0 0.276721 0.81875 0.00815217 0.0125 0.723633
0 0.689764 0.154375 0.00815217 0.01125 0.727539
0 0.489583 0.075 0.00815217 0.01 0.731445
0 0.397192 0.49 0.00815217 0.0125 0.73291
0 0.372736 0.920625 0.00815217 0.01125 0.733398
0 0.635417 0.4 0.00815217 0.0125 0.735352
0 0.898551 0.313125 0.00724638 0.01125 0.736328
0 0.446558 0.4 0.00905797 0.0125 0.736328
0 0.259058 0.735625 0.00905797 0.01125 0.737793
0 0.529891 0.2725 0.00905797 0.0125 0.738281
0 0.575181 0.4525 0.00905797 0.0125 0.745117
0 0.646286 0.7975 0.00815217 0.0125 0.74707
0 0.771286 0.5375 0.00815217 0.0125 0.748535
