0 0.713768 0.98125 0.00724638 0.01 0.500977
0 0.216033 0.311875 0.00815217 0.01125 0.614258
0 0.36413 0.929375 0.00905797 0.01125 0.660156
0 0.442935 0.715625 0.00905797 0.01125 0.691406
0 0.699728 0.164375 0.00815217 0.01125 0.693359
0 0.31567 0.101875 0.00815217 0.01125 0.69873
0 0.803442 0.668125 0.00905797 0.01125 0.70166
0 0.89221 0.300625 0.00724638 0.01125 0.70166
0 0.438406 0.835625 0.00905797 0.01125 0.703125
0 0.276721 0.825625 0.00815217 0.01375 0.70459
0 0.727355 0.17 0.00724638 0.01 0.710938
0 0.364583 0.514375 0.00815217 0.01125 0.713379
0 0.399909 0.434375 0.00815217 0.01125 0.72168
0 0.482337 0.42375 0.00815217 0.0125 0.72168
0 0.632699 0.41 0.00815217 0.0125 0.723145
0 0.383605 0.079375 0.00815217 0.01125 0.723633
0 0.889946 0.22875 0.00815217 0.01 0.723633
0 0.527174 0.2725 0.00905797 0.0125 0.724609
0 0.39221 0.5 0.00905797 0.0125 0.728027
0 0.45471 0.41125 0.00905797 0.0125 0.733398
0 0.459692 0.79875 0.00815217 0.0125 0.73584
0 0.579257 0.455 0.00815217 0.0125 0.73584
0 0.769928 0.560625 0.00905797 0.01125 0.738281
0 0.341033 0.464375 0.00815217 0.01125 0.740723
0 0.533514 0.088125 0.00905797 0.01125 0.743652
0 0.379529 0.774375 0.00905797 0.01125 0.75293
