0 0.638134 0.73875 0.00815217 0.0125 0.440186
0 0.667572 0.973125 0.00724638 0.01125 0.527344
0 0.286685 0.769375 0.00815217 0.01125 0.653809
0 0.478714 0.31375 0.00815217 0.0125 0.664062
0 0.717844 0.82125 0.00815217 0.0125 0.678223
0 0.727355 0.481875 0.00724638 0.01125 0.685059
0 0.552536 0.3475 0.00905797 0.0125 0.686035
0 0.380888 0.928125 0.00815217 0.01125 0.687012
0 0.612772 0.754375 0.00815217 0.01125 0.687988
0 0.223279 0.805625 0.00815217 0.01125 0.691406
0 0.690217 0.91125 0.00724638 0.01 0.695312
0 0.687953 0.710625 0.00815217 0.01125 0.705078
0 0.780344 0.5375 0.00815217 0.0125 0.727539
0 0.388134 0.321875 0.00815217 0.01125 0.72998
0 0.719656 0.720625 0.00815217 0.01125 0.732422
