0 0.226449 0.819375 0.00724638 0.01125 0.268555
0 0.92346 0.759375 0.00815217 0.01125 0.29248
0 0.608696 0.978125 0.00724638 0.00875 0.306396
0 0.881341 0.21 0.00724638 0.01 0.327393
0 0.371377 0.78 0.00724638 0.01 0.33252
0 0.349185 0.739375 0.00815217 0.00875 0.340088
0 0.455163 0.6175 0.00815217 0.01 0.344727
0 0.938406 0.495 0.00724638 0.0125 0.365967
0 0.61096 0.15625 0.00634058 0.01 0.406494
0 0.211051 0.725625 0.00724638 0.01125 0.419189
0 0.524004 0.5125 0.00815217 0.0125 0.419189
0 0.349185 0.104375 0.00634058 0.00875 0.432861
0 0.206522 0.765 0.00724638 0.01 0.452637
0 0.961504 0.77 0.00815217 0.01 0.467773
0 0.506341 0.698125 0.00905797 0.01125 0.483154
0 0.899004 0.4025 0.00815217 0.01 0.501465
0 0.913949 0.649375 0.00724638 0.01375 0.511719
0 0.362772 0.051875 0.00634058 0.00875 0.521973
0 0.47192 0.615625 0.00724638 0.01125 0.525879
0 0.608696 0.15 0.00724638 0.01 0.525879
0 0.238225 0.515625 0.00724638 0.01125 0.540039
0 0.441576 0.815 0.00815217 0.01 0.546387
0 0.603261 0.364375 0.00905797 0.01125 0.546875
0 0.907156 0.724375 0.00815217 0.01125 0.55127
0 0.838315 0.940625 0.00815217 0.01125 0.553223
0 0.9375 0.500625 0.00724638 0.01125 0.553223
0 0.250453 0.430625 0.00815217 0.01125 0.557129
0 0.644475 0.28625 0.00815217 0.01 0.560059
0 0.734149 0.75875 0.00815217 0.01 0.564453
0 0.285326 0.876875 0.00724638 0.01125 0.57959
0 0.818841 0.3225 0.00724638 0.01 0.580566
0 0.58288 0.93625 0.00634058 0.01 0.583008
0 0.97192 0.243125 0.00724638 0.00875 0.586914
0 0.93433 0.796875 0.00815217 0.01125 0.59082
0 0.617754 0.17375 0.00724638 0.01 0.599121
0 0.537138 0.505625 0.00905797 0.01125 0.599609
0 0.319746 0.19 0.00724638 0.01 0.60498
0 0.400815 0.705 0.00815217 0.01 0.605469
0 0.981431 0.500625 0.00815217 0.01125 0.605957
0 0.610507 0.94375 0.00724638 0.01 0.61377
0 0.581975 0.975 0.00634058 0.01 0.615234
0 0.510417 0.844375 0.00815217 0.01125 0.620605
0 0.5 0.286875 0.00724638 0.01125 0.621094
0 0.562953 0.37875 0.00815217 0.0125 0.621582
0 0.796196 0.949375 0.00724638 0.01125 0.625977
0 0.989583 0.3975 0.00634058 0.01 0.626465
0 0.255435 0.599375 0.00724638 0.01125 0.62793
0 0.888134 0.755625 0.00815217 0.01125 0.629883
0 0.533967 0.716875 0.00815217 0.01125 0.629883
0 0.80163 0.449375 0.00724638 0.01125 0.63916
0 0.735507 0.15625 0.00724638 0.01 0.639648
0 0.737319 0.124375 0.00724638 0.00875 0.640137
0 0.913949 0.66375 0.00724638 0.01 0.64209
0 0.891304 0.810625 0.00724638 0.01125 0.64209
0 0.52038 0.5775 0.00815217 0.0125 0.642578
0 0.296196 0.54 0.00724638 0.01 0.643066
0 0.908062 0.38 0.00815217 0.01 0.64502
0 0.473732 0.805 0.00724638 0.01 0.646973
0 0.980525 0.634375 0.00815217 0.01125 0.646973
0 0.492301 0.524375 0.00815217 0.01125 0.649902
0 0.55933 0.50125 0.00815217 0.0125 0.65332
0 0.281703 0.560625 0.00724638 0.01125 0.657227
0 0.317482 0.528125 0.00815217 0.01125 0.658203
0 0.90625 0.34 0.00815217 0.01 0.658691
0 0.700181 0.55375 0.00905797 0.0125 0.65918
0 0.927989 0.30875 0.00634058 0.01 0.661133
0 0.746377 0.191875 0.00724638 0.00875 0.662109
0 0.635417 0.7375 0.00815217 0.0125 0.664062
0 0.557518 0.55375 0.00815217 0.0125 0.666992
0 0.472373 0.0825 0.00634058 0.01 0.669434
0 0.677536 0.485625 0.00905797 0.01125 0.670898
0 0.841033 0.17125 0.00634058 0.01 0.671387
0 0.930707 0.5425 0.00815217 0.01 0.671875
0 0.297101 0.731875 0.00724638 0.01125 0.671875
0 0.794384 0.486875 0.00724638 0.01125 0.671875
0 0.899004 0.678125 0.00815217 0.01125 0.675781
0 0.71558 0.69375 0.00905797 0.0125 0.675781
0 0.65942 0.544375 0.00905797 0.01125 0.677734
0 0.914855 0.800625 0.00724638 0.01125 0.678223
0 0.383605 0.21 0.00634058 0.01 0.680176
0 0.320652 0.04875 0.00724638 0.01 0.681641
0 0.915761 0.619375 0.00724638 0.01125 0.686523
0 0.879076 0.6425 0.00815217 0.01 0.687988
0 0.702899 0.415625 0.00724638 0.01125 0.687988
0 0.819293 0.351875 0.00815217 0.01125 0.688477
0 0.430707 0.205625 0.00815217 0.01125 0.688477
0 0.834239 0.388125 0.00724638 0.01125 0.688965
0 0.783062 0.406875 0.00815217 0.01125 0.689941
0 0.897645 0.266875 0.00543478 0.00875 0.69043
0 0.791214 0.706875 0.00815217 0.01125 0.690918
0 0.435236 0.09375 0.00634058 0.01 0.696289
0 0.875 0.59125 0.00724638 0.01 0.696777
0 0.671196 0.774375 0.00724638 0.01125 0.697754
0 0.762228 0.476875 0.00815217 0.01125 0.697754
0 0.845562 0.78625 0.00815217 0.0125 0.699219
0 0.756793 0.364375 0.00815217 0.01125 0.700195
0 0.640851 0.788125 0.00815217 0.01125 0.701172
0 0.532609 0.348125 0.00905797 0.01125 0.702148
0 0.678442 0.2625 0.00724638 0.01 0.708984
0 0.839221 0.56 0.00815217 0.01 0.712402
0 0.802083 0.904375 0.00815217 0.01125 0.712891
0 0.677536 0.45875 0.00905797 0.0125 0.714844
0 0.977355 0.54125 0.00724638 0.01 0.715332
0 0.693841 0.720625 0.00724638 0.01125 0.71582
0 0.620924 0.39625 0.00815217 0.0125 0.729004
