0 0.766304 0.056875 0.00724638 0.00875 0.341553
0 0.681612 0.885625 0.00815217 0.01125 0.489746
0 0.509058 0.211875 0.00724638 0.01125 0.55127
0 0.46875 0.460625 0.00815217 0.01125 0.581055
0 0.777627 0.054375 0.00634058 0.00875 0.604492
0 0.54212 0.690625 0.00815217 0.01125 0.629395
0 0.724185 0.69375 0.00815217 0.01 0.637207
0 0.245924 0.748125 0.00815217 0.01125 0.637695
0 0.316123 0.0475 0.00724638 0.01 0.660156
0 0.666214 0.936875 0.00815217 0.01125 0.664551
0 0.77038 0.2975 0.00634058 0.01 0.666504
0 0.724638 0.461875 0.00905797 0.01125 0.667969
0 0.641304 0.731875 0.00724638 0.01125 0.67041
0 0.392663 0.316875 0.00815217 0.01125 0.671387
0 0.552083 0.486875 0.00996377 0.01375 0.672363
0 0.537138 0.244375 0.00724638 0.01125 0.674805
0 0.685688 0.693125 0.00905797 0.01125 0.676758
0 0.562953 0.343125 0.00815217 0.01125 0.679199
0 0.603714 0.76125 0.00815217 0.0125 0.68457
0 0.235054 0.791875 0.00815217 0.01125 0.696777
0 0.740489 0.32625 0.00815217 0.01 0.697754
0 0.379076 0.920625 0.00815217 0.01125 0.698242
0 0.314764 0.76625 0.00815217 0.01 0.702148
0 0.468297 0.298125 0.00724638 0.01125 0.702637
0 0.734601 0.8125 0.00724638 0.01 0.702637
0 0.564764 0.7125 0.00815217 0.0125 0.705566
0 0.469203 0.49375 0.00905797 0.0125 0.710938
0 0.791214 0.5325 0.00815217 0.0125 0.713379
0 0.584692 0.49125 0.00996377 0.0125 0.716309
0 0.271286 0.745 0.00815217 0.0125 0.719727
