0 0.518569 0.269375 0.00815217 0.01125 0.470215
0 0.286232 0.3875 0.00724638 0.01 0.568848
0 0.649909 0.568125 0.00815217 0.01125 0.608887
0 0.610054 0.708125 0.00815217 0.01125 0.647949
0 0.3125 0.045 0.00724638 0.01 0.650391
0 0.708786 0.9675 0.00815217 0.01 0.669434
0 0.322464 0.719375 0.00724638 0.01125 0.675781
0 0.384058 0.135625 0.00724638 0.01125 0.679199
0 0.300272 0.42375 0.00815217 0.0125 0.679688
0 0.416667 0.276875 0.00905797 0.01125 0.687988
0 0.626359 0.6375 0.00815217 0.0125 0.694824
0 0.924366 0.310625 0.00815217 0.01125 0.696777
0 0.87183 0.305625 0.00815217 0.01125 0.714844
