0 0.336957 0.965625 0.00724638 0.00875 0.346924
0 0.439312 0.55375 0.00905797 0.0125 0.497559
0 0.147192 0.389375 0.00815217 0.01125 0.580566
0 0.894475 0.698125 0.00815217 0.01125 0.629883
0 0.754076 0.85125 0.00815217 0.01 0.637695
0 0.887228 0.56375 0.00815217 0.0125 0.644531
0 0.687953 0.7125 0.00815217 0.0125 0.657227
0 0.356884 0.743125 0.00724638 0.01125 0.666992
0 0.663496 0.769375 0.00815217 0.01125 0.680664
0 0.699275 0.2575 0.00724638 0.01 0.683594
0 0.37817 0.400625 0.00815217 0.01125 0.68457
0 0.664402 0.843125 0.00815217 0.01125 0.687012
0 0.716938 0.9025 0.00815217 0.01 0.6875
0 0.572464 0.37 0.00905797 0.0125 0.691895
0 0.575181 0.720625 0.00905797 0.01375 0.696289
0 0.40308 0.91875 0.00724638 0.01 0.706055
0 0.772192 0.31625 0.00815217 0.01 0.70752
0 0.745471 0.71625 0.00724638 0.0125 0.708984
0 0.819293 0.384375 0.00815217 0.01125 0.719727
