0 0.349638 0.016875 0.00724638 0.01125 0.272705
0 0.356431 0.666875 0.00815217 0.01125 0.469727
0 0.36413 0.02625 0.00724638 0.01 0.604492
0 0.623641 0.58375 0.00815217 0.0125 0.605469
0 0.192482 0.235625 0.00815217 0.01125 0.657227
0 0.817029 0.944375 0.00724638 0.01125 0.657227
0 0.242754 0.47375 0.00905797 0.0125 0.668457
0 0.486866 0.028125 0.00815217 0.01125 0.670898
0 0.587409 0.6525 0.00815217 0.0125 0.679199
0 0.257246 0.080625 0.00724638 0.01125 0.694824
0 0.242301 0.261875 0.00815217 0.01125 0.69873
0 0.632246 0.821875 0.00905797 0.01375 0.69873
0 0.275362 0.653125 0.00905797 0.01125 0.70166
0 0.372283 0.079375 0.00905797 0.01125 0.704102
0 0.29529 0.579375 0.00905797 0.01125 0.709473
0 0.332428 0.3175 0.00905797 0.0125 0.709473
0 0.488678 0.496875 0.00996377 0.01375 0.710449
0 0.844656 0.374375 0.00815217 0.01125 0.711914
0 0.582428 0.960625 0.00905797 0.01125 0.713379
0 0.608696 0.634375 0.00905797 0.01375 0.713379
0 0.581522 0.5475 0.00905797 0.0125 0.714355
0 0.331069 0.083125 0.00815217 0.01125 0.720215
0 0.86096 0.6 0.00996377 0.0125 0.721191
0 0.252717 0.7425 0.00905797 0.0125 0.724121
0 0.480072 0.06625 0.00905797 0.0125 0.727539
0 0.783967 0.4725 0.00815217 0.0125 0.740234
