0 0.513134 0.068125 0.00815217 0.01125 0.66748
0 0.811594 0.6725 0.00724638 0.0125 0.674805
0 0.882699 0.2125 0.00815217 0.01 0.677734
0 0.742301 0.1625 0.00815217 0.01 0.679688
0 0.224638 0.733125 0.00905797 0.01125 0.681641
0 0.589674 0.28875 0.00905797 0.0125 0.685547
0 0.451993 0.694375 0.00905797 0.01125 0.6875
0 0.227808 0.296875 0.00815217 0.01125 0.691406
0 0.272192 0.72125 0.00815217 0.0125 0.692383
0 0.714221 0.960625 0.00815217 0.01125 0.692383
0 0.306612 0.094375 0.00815217 0.01125 0.701172
0 0.680707 0.764375 0.00815217 0.01125 0.706055
0 0.376812 0.910625 0.00905797 0.01125 0.707031
0 0.278533 0.811875 0.00815217 0.01125 0.707031
0 0.339674 0.46125 0.00905797 0.0125 0.708984
0 0.677989 0.331875 0.00815217 0.01125 0.709961
0 0.640851 0.4 0.00815217 0.0125 0.709961
0 0.437047 0.835 0.00815217 0.0125 0.710449
0 0.397645 0.066875 0.00905797 0.01125 0.714355
0 0.663496 0.36875 0.00815217 0.0125 0.714844
0 0.908062 0.318125 0.00815217 0.01125 0.71582
0 0.485507 0.071875 0.00724638 0.01125 0.717285
0 0.490942 0.40625 0.00905797 0.0125 0.719727
0 0.573822 0.44625 0.00996377 0.0125 0.720703
0 0.687953 0.15125 0.00815217 0.01 0.72168
0 0.57337 0.28375 0.00905797 0.0125 0.725586
0 0.667572 0.466875 0.00905797 0.01125 0.725586
0 0.404891 0.41625 0.00905797 0.0125 0.726074
0 0.658514 0.49 0.00905797 0.0125 0.726562
0 0.40308 0.485 0.00905797 0.0125 0.730469
0 0.773098 0.523125 0.00815217 0.01125 0.731445
0 0.447464 0.4 0.00905797 0.0125 0.735352
0 0.37817 0.76875 0.00815217 0.0125 0.735352
0 0.645833 0.80375 0.00905797 0.0125 0.736328
0 0.472373 0.795 0.00815217 0.0125 0.739258
0 0.533514 0.27375 0.00905797 0.0125 0.740234
0 0.541214 0.076875 0.00815217 0.01125 0.744629
0 0.623641 0.643125 0.00815217 0.01125 0.744629
0 0.370471 0.50875 0.00905797 0.0125 0.745605
0 0.59375 0.673125 0.00815217 0.01375 0.749512
