0 0.722373 0.175 0.00815217 0.01 0.659668
0 0.706522 0.16875 0.00724638 0.01 0.66748
0 0.214674 0.313125 0.00905797 0.01125 0.675293
0 0.318388 0.104375 0.00815217 0.01125 0.6875
0 0.478261 0.42375 0.00905797 0.0125 0.691895
0 0.802536 0.664375 0.00905797 0.01125 0.695312
0 0.381793 0.080625 0.00815217 0.01125 0.69873
0 0.579257 0.4575 0.00996377 0.0125 0.70752
0 0.437047 0.838125 0.00815217 0.01125 0.713379
0 0.365036 0.51625 0.00905797 0.0125 0.715332
0 0.364583 0.931875 0.00815217 0.01125 0.716797
0 0.440217 0.72 0.00905797 0.0125 0.71875
0 0.380888 0.776875 0.00815217 0.01125 0.720703
0 0.456522 0.415 0.00905797 0.0125 0.721191
0 0.339674 0.464375 0.00905797 0.01125 0.721191
0 0.277174 0.826875 0.00905797 0.01125 0.722168
0 0.888134 0.295625 0.00815217 0.01125 0.724609
0 0.889946 0.233125 0.00815217 0.01125 0.727539
0 0.394022 0.50125 0.00905797 0.0125 0.727539
0 0.631341 0.41625 0.00905797 0.0125 0.729492
0 0.458786 0.804375 0.00815217 0.01125 0.730957
0 0.526268 0.2725 0.00905797 0.0125 0.731934
0 0.534873 0.090625 0.00815217 0.01125 0.736328
0 0.771286 0.57 0.00815217 0.0125 0.747559
0 0.401721 0.43625 0.00815217 0.0125 0.747559
