0 0.154438 0.575 0.00815217 0.0125 0.507812
0 0.154438 0.559375 0.00815217 0.01125 0.577148
0 0.745924 0.376875 0.00815217 0.01125 0.644043
0 0.387228 0.025625 0.00815217 0.01125 0.650879
0 0.343297 0.30375 0.00905797 0.0125 0.67334
0 0.427083 0.969375 0.00815217 0.01125 0.674805
0 0.45154 0.8825 0.00815217 0.0125 0.67627
0 0.598279 0.668125 0.00815217 0.01375 0.678223
0 0.591938 0.965625 0.00815217 0.01125 0.678223
0 0.421649 0.92625 0.00815217 0.0125 0.681641
0 0.86413 0.376875 0.00724638 0.01125 0.685059
0 0.261322 0.2675 0.00815217 0.0125 0.685547
0 0.264493 0.089375 0.00724638 0.01125 0.692871
0 0.498188 0.023125 0.00724638 0.01125 0.694336
0 0.330163 0.089375 0.00815217 0.01125 0.697266
0 0.48596 0.785625 0.00815217 0.01125 0.697754
0 0.822011 0.95375 0.00815217 0.01 0.697754
0 0.403533 0.909375 0.00815217 0.01125 0.698242
0 0.898551 0.2825 0.00724638 0.01 0.700684
0 0.912591 0.24875 0.00815217 0.01 0.701172
0 0.287591 0.640625 0.00815217 0.01125 0.703125
0 0.79846 0.319375 0.00815217 0.01125 0.703125
0 0.255435 0.4625 0.00905797 0.0125 0.703613
0 0.466486 0.866875 0.00905797 0.01125 0.706055
0 0.183424 0.234375 0.00815217 0.01125 0.70752
0 0.263587 0.76125 0.00905797 0.0125 0.710449
0 0.393116 0.08125 0.00905797 0.0125 0.710449
0 0.480978 0.091875 0.00724638 0.01125 0.710938
0 0.626359 0.6325 0.00815217 0.0125 0.716797
0 0.87183 0.601875 0.00996377 0.01375 0.719727
0 0.63904 0.81375 0.00815217 0.0125 0.72168
0 0.427989 0.735625 0.00815217 0.01125 0.724121
0 0.501359 0.750625 0.00815217 0.01125 0.725098
0 0.632246 0.57625 0.00905797 0.0125 0.73291
0 0.308877 0.58125 0.00905797 0.0125 0.734863
0 0.507246 0.4425 0.00905797 0.0125 0.73584
0 0.435236 0.70375 0.00815217 0.0125 0.737305
0 0.796649 0.474375 0.00815217 0.01125 0.739258
0 0.507699 0.499375 0.00996377 0.01375 0.742188
0 0.76721 0.274375 0.00724638 0.01125 0.743164
0 0.502717 0.396875 0.00905797 0.01375 0.745605
0 0.591033 0.53375 0.00996377 0.0125 0.748047
