0 0.240036 0.754375 0.0108696 0.01375 0.321289
0 0.615036 0.0125 0.00724638 0.01 0.475586
0 0.242754 0.756875 0.00905797 0.01125 0.516113
0 0.600996 0.671875 0.00815217 0.01125 0.604004
0 0.428442 0.964375 0.00724638 0.01125 0.631836
0 0.177083 0.235 0.00815217 0.01 0.631836
0 0.576993 0.5175 0.00905797 0.0125 0.652344
0 0.822917 0.956875 0.00815217 0.01125 0.660645
0 0.538043 0.3975 0.00905797 0.0125 0.661133
0 0.978714 0.705625 0.00815217 0.01125 0.666504
0 0.386775 0.03 0.00724638 0.01 0.666504
0 0.223279 0.573125 0.00815217 0.01125 0.66748
0 0.155797 0.580625 0.00724638 0.01125 0.671387
0 0.269022 0.099375 0.00724638 0.01125 0.67334
0 0.514946 0.44375 0.00996377 0.0125 0.677246
0 0.91712 0.234375 0.00815217 0.01125 0.679199
0 0.504982 0.15375 0.00815217 0.01 0.686035
0 0.487319 0.79125 0.00905797 0.0125 0.689941
0 0.482337 0.0975 0.00815217 0.01 0.692383
0 0.450634 0.89 0.00815217 0.0125 0.693359
0 0.828351 0.743125 0.00815217 0.01125 0.693359
0 0.159873 0.540625 0.00815217 0.01125 0.694336
0 0.594656 0.966875 0.00815217 0.01125 0.696777
0 0.498188 0.395 0.00905797 0.0125 0.697266
0 0.437953 0.70125 0.00815217 0.0125 0.69873
0 0.426178 0.93 0.00815217 0.0125 0.699219
0 0.265399 0.268125 0.00724638 0.01125 0.699219
0 0.330616 0.090625 0.00724638 0.00875 0.699707
0 0.899909 0.2875 0.00815217 0.01 0.700195
0 0.629982 0.6325 0.00815217 0.0125 0.704102
0 0.544384 0.425 0.00905797 0.0125 0.704102
0 0.80163 0.326875 0.00724638 0.01125 0.708008
0 0.467844 0.85875 0.00815217 0.0125 0.709473
0 0.397645 0.07625 0.00724638 0.01 0.710449
0 0.636322 0.81 0.00815217 0.0125 0.712402
0 0.523098 0.175625 0.00815217 0.01125 0.712891
0 0.403533 0.911875 0.00815217 0.01125 0.712891
0 0.230072 0.7475 0.00905797 0.0125 0.714355
0 0.636322 0.57375 0.00815217 0.0125 0.714355
0 0.288496 0.635625 0.00815217 0.01125 0.71582
0 0.876359 0.60375 0.00815217 0.0125 0.716797
0 0.82971 0.7175 0.00724638 0.0125 0.717285
0 0.308424 0.578125 0.00815217 0.01375 0.719727
0 0.349185 0.29875 0.00815217 0.0125 0.719727
0 0.747283 0.375625 0.00905797 0.01125 0.722168
0 0.771739 0.400625 0.00724638 0.01125 0.724609
0 0.213315 0.61625 0.00815217 0.01 0.725586
0 0.239583 0.608125 0.00815217 0.01125 0.728027
0 0.765851 0.261875 0.00815217 0.01125 0.729004
0 0.258605 0.46125 0.00815217 0.0125 0.731445
0 0.598279 0.536875 0.00815217 0.01125 0.739258
0 0.793931 0.48 0.00815217 0.0125 0.741211
0 0.269022 0.774375 0.00905797 0.01125 0.741699
0 0.867301 0.378125 0.00815217 0.01125 0.742188
0 0.509058 0.49875 0.00905797 0.0125 0.743164
0 0.502717 0.024375 0.00724638 0.01125 0.744141
0 0.429348 0.73 0.00905797 0.0125 0.744141
0 0.507699 0.746875 0.00815217 0.01125 0.745117
