0 0.660779 0.178125 0.00996377 0.01375 0.259033
0 0.556612 0.77625 0.0117754 0.0125 0.294189
0 0.328351 0.54 0.00815217 0.0125 0.442383
0 0.779891 0.6 0.00905797 0.0125 0.442871
0 0.627264 0.0125 0.00634058 0.01 0.474121
0 0.930707 0.62875 0.00815217 0.0125 0.520996
0 0.559783 0.779375 0.00905797 0.01125 0.529785
0 0.226902 0.135 0.00815217 0.01 0.590332
0 0.779438 0.615625 0.00815217 0.01125 0.603027
0 0.45788 0.958125 0.00815217 0.01125 0.637695
0 0.256793 0.21 0.00815217 0.01 0.647949
0 0.475091 0.326875 0.00815217 0.01125 0.649414
0 0.334692 0.035 0.00815217 0.01 0.65332
0 0.331522 0.531875 0.00905797 0.01375 0.653809
0 0.523551 0.431875 0.00905797 0.01375 0.656738
0 0.897645 0.87875 0.00724638 0.01 0.667969
0 0.271286 0.215625 0.00815217 0.01125 0.668945
0 0.860054 0.821875 0.00815217 0.01125 0.672852
0 0.426178 0.69 0.00815217 0.0125 0.674805
0 0.673913 0.166875 0.00724638 0.01125 0.674805
0 0.591938 0.865625 0.00815217 0.01125 0.675781
0 0.574728 0.5325 0.00996377 0.0125 0.68457
0 0.908514 0.508125 0.00724638 0.01125 0.69043
0 0.323822 0.101875 0.00815217 0.01125 0.691406
0 0.40308 0.096875 0.00724638 0.01125 0.692383
0 0.891304 0.346875 0.00724638 0.01125 0.692871
0 0.841938 0.295 0.00815217 0.01 0.697754
0 0.571105 0.04125 0.00815217 0.01 0.70166
0 0.265851 0.429375 0.00815217 0.01125 0.702148
0 0.319746 0.44125 0.00905797 0.0125 0.70459
0 0.696558 0.26875 0.00905797 0.0125 0.706543
0 0.817935 0.321875 0.00724638 0.01125 0.708008
0 0.656703 0.184375 0.00724638 0.01125 0.708496
0 0.92663 0.658125 0.00724638 0.01125 0.708496
0 0.529891 0.6075 0.00905797 0.0125 0.708496
0 0.830616 0.84125 0.00724638 0.0125 0.708496
0 0.891304 0.641875 0.00724638 0.01125 0.709473
0 0.423913 0.906875 0.00905797 0.01125 0.710449
0 0.37817 0.058125 0.00815217 0.01125 0.710938
0 0.680707 0.5475 0.00815217 0.0125 0.711426
0 0.32654 0.475625 0.00815217 0.01125 0.712402
0 0.316576 0.235625 0.00815217 0.01125 0.713379
0 0.873641 0.550625 0.00815217 0.01125 0.717773
0 0.561594 0.335 0.00905797 0.0125 0.720703
0 0.634511 0.178125 0.00815217 0.01125 0.724609
0 0.743207 0.505 0.00815217 0.0125 0.725586
0 0.572917 0.108125 0.00815217 0.01125 0.726074
0 0.927083 0.390625 0.00815217 0.01125 0.726562
0 0.566576 0.8725 0.00815217 0.0125 0.729492
0 0.350091 0.36625 0.00815217 0.0125 0.730469
0 0.595109 0.26625 0.00905797 0.0125 0.73291
0 0.522645 0.509375 0.00905797 0.01375 0.734863
0 0.580616 0.44625 0.00905797 0.0125 0.73584
0 0.316123 0.739375 0.00905797 0.01125 0.736816
0 0.721467 0.0525 0.00634058 0.01 0.737305
0 0.334692 0.22875 0.00815217 0.0125 0.740234
0 0.564764 0.576875 0.00996377 0.01375 0.741699
0 0.682518 0.895625 0.00815217 0.01125 0.749512
0 0.255435 0.601875 0.00905797 0.01125 0.757324
