0 0.167572 0.355 0.00724638 0.01 0.319824
0 0.726449 0.701875 0.00724638 0.01125 0.322754
0 0.82654 0.511875 0.00815217 0.01125 0.406738
0 0.15308 0.505 0.00724638 0.01 0.413086
0 0.55933 0.94625 0.00815217 0.01 0.559082
0 0.771739 0.9775 0.00724638 0.01 0.56543
0 0.605525 0.650625 0.00815217 0.01125 0.57666
0 0.757246 0.02375 0.00724638 0.01 0.625
0 0.846014 0.509375 0.00724638 0.01125 0.625
0 0.337862 0.748125 0.00724638 0.01125 0.625488
0 0.967844 0.35125 0.00634058 0.01 0.629883
0 0.807971 0.649375 0.00724638 0.01125 0.652832
0 0.504529 0.588125 0.00905797 0.01125 0.653809
0 0.40942 0.733125 0.00724638 0.01125 0.65625
0 0.636775 0.19375 0.00724638 0.01 0.659668
0 0.953351 0.684375 0.00815217 0.01125 0.660645
0 0.366848 0.21125 0.00724638 0.01 0.665039
0 0.413949 0.2225 0.00724638 0.01 0.665527
0 0.89538 0.785625 0.00815217 0.01125 0.669434
0 0.407156 0.4175 0.00815217 0.0125 0.680664
0 0.586504 0.65375 0.00815217 0.0125 0.687012
0 0.932065 0.74125 0.00724638 0.0125 0.689453
0 0.67029 0.320625 0.00724638 0.01125 0.696777
0 0.282609 0.541875 0.00724638 0.01125 0.698242
0 0.725996 0.255625 0.00815217 0.01125 0.699219
0 0.85779 0.548125 0.00724638 0.01125 0.708496
0 0.456975 0.603125 0.00815217 0.01125 0.708496
0 0.452899 0.12625 0.00724638 0.01 0.709473
0 0.49683 0.55375 0.00815217 0.0125 0.709961
0 0.423007 0.56875 0.00905797 0.0125 0.71875
0 0.65308 0.839375 0.00724638 0.01125 0.723633
