0 0.705616 0.965 0.00724638 0.01 0.286377
0 0.696558 0.95875 0.00724638 0.01 0.445801
0 0.697917 0.96125 0.00815217 0.01 0.508301
0 0.516757 0.266875 0.00815217 0.01125 0.551758
0 0.524004 0.306875 0.00815217 0.01125 0.579102
0 0.28125 0.378125 0.00815217 0.01125 0.611328
0 0.581975 0.339375 0.00815217 0.01125 0.618652
0 0.312047 0.04625 0.00815217 0.01 0.630371
0 0.509964 0.14375 0.00724638 0.01 0.643555
0 0.375906 0.1275 0.00724638 0.01 0.64502
0 0.92663 0.3075 0.00724638 0.01 0.664551
0 0.86413 0.310625 0.00724638 0.01125 0.67041
0 0.297101 0.428125 0.00724638 0.01125 0.672852
0 0.416214 0.276875 0.00815217 0.01125 0.676758
0 0.649004 0.56375 0.00815217 0.0125 0.700684
0 0.608243 0.710625 0.00815217 0.01125 0.701172
0 0.62183 0.635625 0.00815217 0.01125 0.720703
0 0.321105 0.715625 0.00815217 0.01125 0.722168
