0 0.334239 0.966875 0.00724638 0.00875 0.436035
0 0.359601 0.745 0.00724638 0.0125 0.462402
0 0.662138 0.760625 0.00724638 0.01125 0.617676
0 0.441123 0.549375 0.00905797 0.01125 0.663086
0 0.883605 0.56 0.00815217 0.01 0.669434
0 0.697917 0.255625 0.00815217 0.01125 0.674316
0 0.754529 0.8525 0.00724638 0.01 0.678223
0 0.572917 0.36875 0.00815217 0.0125 0.681152
0 0.743659 0.716875 0.00724638 0.01125 0.687012
0 0.576993 0.72125 0.00905797 0.0125 0.687988
0 0.817935 0.380625 0.00724638 0.01125 0.689453
0 0.893569 0.695 0.00815217 0.01 0.697266
0 0.773551 0.31 0.00724638 0.01 0.697754
0 0.403533 0.918125 0.00815217 0.01125 0.69873
0 0.664855 0.843125 0.00724638 0.01125 0.702637
0 0.717844 0.900625 0.00815217 0.01125 0.704102
0 0.685688 0.703125 0.00724638 0.01125 0.705078
0 0.381793 0.395625 0.00815217 0.01125 0.735352
