0 0.355525 0.6675 0.00815217 0.01 0.508789
0 0.617301 0.586875 0.00815217 0.01125 0.640625
0 0.57971 0.960625 0.00905797 0.01125 0.655762
0 0.484149 0.034375 0.00815217 0.01125 0.672852
0 0.240489 0.26125 0.00815217 0.01 0.686035
0 0.81567 0.94375 0.00815217 0.0125 0.6875
0 0.603714 0.631875 0.00815217 0.01375 0.688965
0 0.292572 0.58 0.00905797 0.0125 0.690918
0 0.239583 0.47125 0.00815217 0.0125 0.691895
0 0.779891 0.473125 0.00905797 0.01125 0.694336
0 0.197464 0.236875 0.00724638 0.01125 0.704102
0 0.584239 0.648125 0.00905797 0.01375 0.70459
0 0.628623 0.8225 0.00905797 0.0125 0.708008
0 0.330163 0.083125 0.00815217 0.01125 0.710938
0 0.366395 0.079375 0.00815217 0.01125 0.711914
0 0.484601 0.493125 0.00905797 0.01375 0.716309
0 0.329257 0.32125 0.00815217 0.0125 0.716797
0 0.254529 0.08 0.00724638 0.01 0.720215
0 0.859601 0.598125 0.00905797 0.01375 0.721191
0 0.841486 0.37625 0.00905797 0.0125 0.733398
0 0.252717 0.74125 0.00905797 0.0125 0.733398
0 0.479167 0.06 0.00724638 0.01 0.742188
0 0.271286 0.659375 0.00815217 0.01125 0.744629
0 0.580163 0.55 0.00996377 0.0125 0.75293
