0 0.730525 0.49625 0.00815217 0.0125 0.638184
0 0.549366 0.3575 0.00815217 0.0125 0.643066
0 0.686594 0.9225 0.00724638 0.01 0.663086
0 0.221467 0.816875 0.00815217 0.01125 0.665039
0 0.379982 0.935 0.00815217 0.0125 0.665039
0 0.715127 0.7325 0.00815217 0.01 0.665527
0 0.692482 0.720625 0.00815217 0.01125 0.682617
0 0.38904 0.330625 0.00815217 0.01125 0.686523
0 0.278533 0.770625 0.00815217 0.01125 0.690918
0 0.709239 0.835625 0.00724638 0.01125 0.703125
0 0.496377 0.335625 0.00724638 0.01125 0.716797
0 0.776721 0.54375 0.00815217 0.01 0.73877
