0 0.227355 0.795625 0.00724638 0.01125 0.62207
0 0.668931 0.958125 0.00815217 0.01125 0.623047
0 0.686594 0.901875 0.00724638 0.01125 0.632324
0 0.380435 0.925 0.00724638 0.01 0.655762
0 0.638134 0.736875 0.00815217 0.01125 0.669434
0 0.530344 0.240625 0.00815217 0.01125 0.685547
0 0.555254 0.3425 0.00905797 0.0125 0.695312
0 0.687047 0.705 0.00815217 0.0125 0.695801
0 0.297554 0.76375 0.00815217 0.01 0.706543
0 0.38904 0.31625 0.00815217 0.01 0.714355
0 0.476902 0.301875 0.00815217 0.01125 0.714844
0 0.785326 0.533125 0.00905797 0.01125 0.725098
0 0.720562 0.70875 0.00815217 0.0125 0.728027
0 0.609149 0.755 0.00815217 0.0125 0.728516
0 0.728261 0.4725 0.00905797 0.0125 0.732422
0 0.721014 0.814375 0.00724638 0.01125 0.746094
