0 0.330616 0.953125 0.00724638 0.01125 0.460693
0 0.420743 0.54375 0.00815217 0.0125 0.542969
0 0.567935 0.37 0.00905797 0.0125 0.580566
0 0.337862 0.764375 0.00724638 0.01125 0.600586
0 0.889946 0.71 0.00815217 0.01 0.615234
0 0.384058 0.368125 0.00724638 0.01125 0.664062
0 0.742754 0.709375 0.00905797 0.01125 0.666992
0 0.665308 0.255625 0.00815217 0.01125 0.675293
0 0.76087 0.296875 0.00724638 0.01125 0.685547
0 0.725996 0.904375 0.00815217 0.01125 0.686035
0 0.64221 0.860625 0.00724638 0.01125 0.687012
0 0.616395 0.744375 0.00815217 0.01125 0.699707
0 0.748188 0.86625 0.00724638 0.01 0.706055
0 0.567482 0.724375 0.00815217 0.01125 0.710449
0 0.658967 0.685 0.00815217 0.0125 0.711426
0 0.394928 0.929375 0.00905797 0.01125 0.712891
0 0.814764 0.39 0.00815217 0.0125 0.713379
0 0.869565 0.551875 0.00724638 0.01125 0.745605
