0 0.301178 0.469375 0.00815217 0.01375 0.35376
0 0.317482 0.058125 0.00815217 0.01125 0.645996
0 0.870471 0.525 0.00724638 0.0125 0.659668
0 0.807971 0.313125 0.00724638 0.01125 0.696289
0 0.308424 0.090625 0.00815217 0.01125 0.701172
0 0.700634 0.056875 0.00815217 0.01125 0.703613
0 0.82654 0.294375 0.00815217 0.01125 0.709473
0 0.680254 0.915 0.00905797 0.0125 0.710449
0 0.553895 0.53 0.00815217 0.0125 0.711426
0 0.993207 0.395625 0.00815217 0.01125 0.713379
0 0.253623 0.433125 0.00905797 0.01125 0.713867
0 0.559783 0.104375 0.00905797 0.01125 0.717285
0 0.342844 0.37875 0.00815217 0.0125 0.722168
0 0.307971 0.754375 0.00905797 0.01125 0.723145
0 0.615489 0.159375 0.00815217 0.01125 0.724609
0 0.682065 0.27125 0.00905797 0.0125 0.724609
0 0.721467 0.5175 0.00815217 0.0125 0.724609
0 0.555254 0.340625 0.00905797 0.01375 0.725586
0 0.558877 0.046875 0.00724638 0.01125 0.728516
0 0.50317 0.455 0.00815217 0.0125 0.730469
0 0.301178 0.46125 0.00815217 0.0125 0.732422
0 0.573822 0.280625 0.00815217 0.01125 0.737305
0 0.248188 0.59625 0.00905797 0.0125 0.737305
0 0.560236 0.4425 0.00996377 0.0125 0.741699
0 0.511322 0.50375 0.00815217 0.0125 0.748535
0 0.299819 0.48625 0.00905797 0.0125 0.749512
0 0.670743 0.5425 0.00815217 0.0125 0.751465
0 0.451993 0.3325 0.00905797 0.0125 0.755859
0 0.402174 0.695625 0.00905797 0.01125 0.757324
