0 0.8125 0.300625 0.00724638 0.01125 0.420166
0 0.804801 0.304375 0.00815217 0.01125 0.621582
0 0.4375 0.343125 0.00905797 0.01125 0.677246
0 0.556612 0.10625 0.00815217 0.0125 0.687012
0 0.552083 0.04875 0.00815217 0.01 0.689941
0 0.551178 0.445 0.00996377 0.0125 0.696777
0 0.675725 0.273125 0.00905797 0.01125 0.69873
0 0.987772 0.389375 0.00815217 0.01125 0.700195
0 0.679801 0.9225 0.00815217 0.0125 0.707031
0 0.495018 0.4675 0.00815217 0.0125 0.708496
0 0.691123 0.063125 0.00724638 0.01125 0.714355
0 0.54529 0.53 0.00905797 0.0125 0.71582
0 0.24683 0.436875 0.00815217 0.01125 0.716309
0 0.504982 0.49875 0.00996377 0.0125 0.71875
0 0.56567 0.286875 0.00996377 0.01375 0.724121
0 0.609149 0.149375 0.00815217 0.01125 0.725098
0 0.552536 0.3475 0.00905797 0.0125 0.725586
0 0.245924 0.6 0.00815217 0.0125 0.733887
0 0.34058 0.38875 0.00905797 0.0125 0.734375
0 0.395833 0.699375 0.00905797 0.01375 0.734375
0 0.66712 0.53875 0.00815217 0.0125 0.735352
0 0.305254 0.7575 0.00905797 0.0125 0.744141
0 0.71558 0.523125 0.00905797 0.01375 0.749512
