0 0.924366 0.498125 0.00815217 0.01125 0.514648
0 0.866395 0.596875 0.00815217 0.01125 0.566406
0 0.70788 0.35 0.00815217 0.01 0.631348
0 0.393116 0.818125 0.00724638 0.01125 0.63916
0 0.961051 0.39125 0.00724638 0.01 0.64502
0 0.655344 0.876875 0.00815217 0.01125 0.649902
0 0.157156 0.40875 0.00815217 0.01 0.65625
0 0.385417 0.408125 0.00815217 0.01125 0.66748
0 0.649457 0.19625 0.00724638 0.01 0.674316
0 0.80933 0.69875 0.00815217 0.0125 0.675781
0 0.42663 0.8075 0.00724638 0.01 0.689941
0 0.701993 0.371875 0.00724638 0.01125 0.695312
0 0.758152 0.09375 0.00724638 0.01 0.710938
0 0.911685 0.814375 0.00815217 0.01125 0.714355
