0 0.141304 0.466875 0.00724638 0.01125 0.282471
0 0.899909 0.88 0.00815217 0.01 0.434326
0 0.464221 0.964375 0.00815217 0.01125 0.577637
0 0.241395 0.49625 0.00815217 0.0125 0.583984
0 0.338768 0.035 0.00724638 0.01 0.623535
0 0.251812 0.206875 0.00724638 0.01125 0.631348
0 0.194746 0.785 0.00724638 0.01 0.637207
0 0.629529 0.015625 0.00724638 0.00875 0.640625
0 0.504076 0.331875 0.00815217 0.01125 0.64209
0 0.232337 0.133125 0.00815217 0.01125 0.642578
0 0.756341 0.765 0.00724638 0.01 0.652344
0 0.379982 0.055625 0.00815217 0.01125 0.662109
0 0.338315 0.228125 0.00815217 0.01125 0.662598
0 0.340127 0.52625 0.00815217 0.0125 0.673828
0 0.275815 0.219375 0.00815217 0.01125 0.674805
0 0.429348 0.528125 0.00905797 0.01125 0.679199
0 0.254076 0.48625 0.00815217 0.0125 0.681641
0 0.88904 0.635625 0.00815217 0.01125 0.681641
0 0.426178 0.501875 0.00815217 0.01125 0.68457
0 0.576087 0.110625 0.00724638 0.01125 0.686523
0 0.530344 0.61 0.00815217 0.0125 0.69043
0 0.550272 0.77125 0.00815217 0.0125 0.69043
0 0.763134 0.741875 0.00815217 0.01125 0.691406
0 0.586504 0.4475 0.00815217 0.0125 0.694336
0 0.899909 0.663125 0.00815217 0.01125 0.695312
0 0.32971 0.5475 0.00905797 0.0125 0.696777
0 0.72962 0.056875 0.00634058 0.00875 0.701172
0 0.868207 0.826875 0.00815217 0.01125 0.705078
0 0.317935 0.736875 0.00905797 0.01125 0.706543
0 0.409873 0.096875 0.00815217 0.01125 0.706543
0 0.89538 0.346875 0.00815217 0.01125 0.707031
0 0.637228 0.1825 0.00815217 0.0125 0.708496
0 0.783967 0.619375 0.00815217 0.01125 0.710938
0 0.682518 0.5475 0.00815217 0.0125 0.710938
0 0.327446 0.103125 0.00815217 0.01125 0.711426
0 0.935236 0.66375 0.00815217 0.0125 0.711426
0 0.682065 0.89125 0.00724638 0.0125 0.716309
0 0.677989 0.17 0.00815217 0.01 0.718262
0 0.847826 0.294375 0.00724638 0.01125 0.720215
0 0.747283 0.506875 0.00905797 0.01125 0.720703
0 0.320652 0.2375 0.00905797 0.0125 0.72168
0 0.331975 0.4775 0.00815217 0.0125 0.723145
0 0.601449 0.26625 0.00905797 0.0125 0.723633
0 0.323822 0.4375 0.00815217 0.0125 0.723633
0 0.563406 0.87625 0.00905797 0.0125 0.724121
0 0.936594 0.624375 0.00724638 0.01125 0.724121
0 0.830616 0.843125 0.00724638 0.01125 0.724121
0 0.660779 0.189375 0.00815217 0.01125 0.725586
0 0.70154 0.27 0.00815217 0.0125 0.726074
0 0.603261 0.86625 0.00905797 0.0125 0.729004
0 0.932971 0.396875 0.00724638 0.01125 0.72998
0 0.527627 0.4275 0.00815217 0.0125 0.730469
0 0.480525 0.331875 0.00815217 0.01125 0.730469
0 0.572464 0.5775 0.00905797 0.0125 0.731445
0 0.572464 0.783125 0.00905797 0.01125 0.731445
0 0.352808 0.361875 0.00815217 0.01125 0.732422
0 0.271739 0.428125 0.00905797 0.01125 0.73291
0 0.433424 0.6925 0.00815217 0.0125 0.733887
0 0.877264 0.561875 0.00815217 0.01125 0.733887
0 0.42346 0.900625 0.00815217 0.01125 0.734863
0 0.522192 0.3325 0.00815217 0.0125 0.735352
0 0.785779 0.59125 0.00815217 0.0125 0.735352
0 0.580163 0.535 0.00996377 0.0125 0.739746
0 0.915761 0.508125 0.00724638 0.01125 0.739746
0 0.822917 0.328125 0.00815217 0.01125 0.741211
0 0.527174 0.51125 0.00905797 0.0125 0.743164
0 0.563406 0.3325 0.00905797 0.0125 0.745117
0 0.254982 0.6025 0.00815217 0.0125 0.747559
0 0.578804 0.041875 0.00724638 0.01125 0.754395
