0 0.334239 0.9625 0.00724638 0.01 0.532715
0 0.681159 0.696875 0.00905797 0.01125 0.546875
0 0.57337 0.3675 0.00905797 0.0125 0.54834
0 0.888134 0.689375 0.00815217 0.01125 0.614746
0 0.660779 0.843125 0.00815217 0.01125 0.638184
0 0.821105 0.378125 0.00815217 0.01125 0.652832
0 0.437953 0.54875 0.00815217 0.0125 0.65918
0 0.692482 0.251875 0.00815217 0.01125 0.669922
0 0.716938 0.898125 0.00815217 0.01125 0.683105
0 0.35462 0.745625 0.00815217 0.01125 0.68457
0 0.40308 0.920625 0.00724638 0.01125 0.699219
0 0.377264 0.39625 0.00815217 0.0125 0.701172
0 0.752264 0.856875 0.00815217 0.01125 0.702637
0 0.773098 0.310625 0.00815217 0.01125 0.70459
0 0.577446 0.72 0.00815217 0.0125 0.707031
0 0.654891 0.7575 0.00905797 0.01 0.714844
0 0.745471 0.713125 0.00724638 0.01125 0.724609
0 0.883605 0.556875 0.00815217 0.01125 0.736816
