0 0.663949 0.398125 0.00905797 0.01625 0.347168
0 0.586957 0.15375 0.00724638 0.01 0.417969
0 0.562047 0.941875 0.00815217 0.01125 0.46875
0 0.463768 0.175 0.00724638 0.01 0.520996
0 0.655344 0.83875 0.00815217 0.01 0.523926
0 0.751812 0.02 0.00724638 0.01 0.527344
0 0.778533 0.979375 0.00634058 0.00875 0.539062
0 0.208786 0.205625 0.00634058 0.00875 0.562012
0 0.511775 0.1375 0.00724638 0.01 0.566406
0 0.269928 0.545625 0.00724638 0.01125 0.567871
0 0.726449 0.69375 0.00724638 0.0125 0.576172
0 0.365036 0.2125 0.00724638 0.01 0.592773
0 0.664855 0.393125 0.00905797 0.01375 0.612793
0 0.660326 0.4125 0.00905797 0.0125 0.640137
0 0.569746 0.13125 0.00724638 0.01 0.64502
0 0.513587 0.10875 0.00724638 0.01 0.648926
0 0.966938 0.3475 0.00815217 0.01 0.648926
0 0.505888 0.59625 0.00815217 0.0125 0.65625
0 0.930707 0.736875 0.00815217 0.01125 0.661133
0 0.29212 0.536875 0.00815217 0.01125 0.662109
0 0.853261 0.503125 0.00724638 0.01125 0.666504
0 0.414855 0.219375 0.00724638 0.01125 0.670898
0 0.725996 0.249375 0.00815217 0.01125 0.677246
0 0.608696 0.65 0.00905797 0.0125 0.682617
0 0.458786 0.60125 0.00815217 0.0125 0.68457
0 0.641304 0.19 0.00724638 0.01 0.688965
0 0.893569 0.788125 0.00815217 0.01125 0.689453
0 0.334692 0.74 0.00815217 0.01 0.689941
0 0.497283 0.5425 0.00905797 0.0125 0.690918
0 0.807971 0.645625 0.00724638 0.01125 0.692871
0 0.422101 0.565625 0.00905797 0.01125 0.693848
0 0.453804 0.108125 0.00724638 0.01125 0.698242
0 0.960145 0.67625 0.00724638 0.01 0.703613
0 0.856884 0.5475 0.00724638 0.0125 0.706543
0 0.408514 0.41875 0.00905797 0.0125 0.712402
0 0.585145 0.6575 0.00905797 0.0125 0.713379
0 0.520833 0.633125 0.00905797 0.01125 0.713379
0 0.67029 0.314375 0.00724638 0.01125 0.721191
0 0.408514 0.72625 0.00724638 0.0125 0.722168
