0 0.553442 0.0925 0.00724638 0.01 0.560547
0 0.41712 0.543125 0.00815217 0.01125 0.600098
0 0.331975 0.769375 0.00815217 0.01125 0.618652
0 0.614583 0.740625 0.00815217 0.01125 0.647461
0 0.88904 0.709375 0.00815217 0.01125 0.650391
0 0.742301 0.701875 0.00815217 0.01125 0.662109
0 0.394022 0.928125 0.00724638 0.01125 0.665527
0 0.867301 0.549375 0.00815217 0.01125 0.678223
0 0.533062 0.118125 0.00815217 0.01125 0.678223
0 0.567482 0.366875 0.00815217 0.01375 0.682129
0 0.748188 0.865 0.00724638 0.01 0.6875
0 0.642663 0.865625 0.00815217 0.01125 0.692871
0 0.38587 0.348125 0.00724638 0.01125 0.694824
0 0.566123 0.72125 0.00905797 0.0125 0.698242
0 0.728714 0.9025 0.00815217 0.01 0.707031
0 0.813406 0.389375 0.00724638 0.01125 0.71582
0 0.759058 0.2975 0.00724638 0.01 0.722656
0 0.664855 0.2675 0.00724638 0.01 0.724609
0 0.652174 0.678125 0.00905797 0.01125 0.725586
