0 0.495924 0.474375 0.00815217 0.01375 0.258301
0 0.87817 0.75375 0.00815217 0.01 0.313721
0 0.764493 0.4275 0.00905797 0.0125 0.33667
0 0.692935 0.424375 0.00905797 0.01125 0.379639
0 0.512228 0.27125 0.00815217 0.01 0.436279
0 0.513134 0.951875 0.00815217 0.01125 0.480225
0 0.576993 0.415 0.00905797 0.0125 0.507324
0 0.282609 0.323125 0.00724638 0.01125 0.514648
0 0.250906 0.5525 0.00724638 0.01 0.524902
0 0.601902 0.64125 0.00815217 0.0125 0.547852
0 0.658514 0.94375 0.00724638 0.01 0.54834
0 0.513134 0.326875 0.00815217 0.01125 0.550781
0 0.524457 0.68 0.00724638 0.0125 0.580566
0 0.481431 0.52875 0.00815217 0.0125 0.584961
0 0.303895 0.431875 0.00815217 0.01125 0.591797
0 0.421649 0.29125 0.00815217 0.01 0.605957
0 0.507246 0.204375 0.00724638 0.01125 0.619629
0 0.798007 0.24875 0.00724638 0.01 0.640137
0 0.473732 0.44625 0.00905797 0.0125 0.640625
0 0.389946 0.105 0.00634058 0.01 0.645996
0 0.316123 0.049375 0.00724638 0.00875 0.648438
0 0.507246 0.109375 0.00724638 0.00875 0.652344
0 0.932518 0.295 0.00634058 0.01 0.663574
0 0.600543 0.713125 0.00905797 0.01125 0.667969
0 0.684783 0.955625 0.00724638 0.00875 0.668457
0 0.582428 0.2825 0.00724638 0.0125 0.670898
0 0.882699 0.78375 0.00815217 0.01 0.672852
0 0.258152 0.505625 0.00724638 0.01125 0.673828
0 0.711504 0.95125 0.00815217 0.01 0.682617
0 0.487319 0.5775 0.00905797 0.0125 0.686035
0 0.838315 0.34875 0.00815217 0.01 0.688965
0 0.766757 0.5375 0.00815217 0.0125 0.701172
0 0.808424 0.18375 0.00815217 0.01 0.705078
0 0.728714 0.453125 0.00815217 0.01125 0.707031
0 0.706522 0.399375 0.00724638 0.01125 0.710938
0 0.302989 0.715625 0.00815217 0.01125 0.711426
0 0.875906 0.48625 0.00724638 0.0125 0.713379
0 0.740942 0.505 0.00905797 0.0125 0.720215
0 0.65942 0.525625 0.00905797 0.01125 0.728516
0 0.932065 0.470625 0.00724638 0.01125 0.731445
