0 0.302989 0.336875 0.00815217 0.01125 0.470459
0 0.817029 0.199375 0.00724638 0.00875 0.51709
0 0.36096 0.06875 0.00815217 0.01 0.536133
0 0.638587 0.034375 0.00724638 0.00875 0.550781
0 0.956069 0.50875 0.00815217 0.01 0.575684
0 0.688859 0.7475 0.00815217 0.01 0.586914
0 0.701087 0.51375 0.00905797 0.0125 0.606445
0 0.290761 0.31375 0.00724638 0.01 0.635254
0 0.705163 0.640625 0.00815217 0.01125 0.637207
0 0.740036 0.850625 0.00724638 0.01125 0.63916
0 0.530344 0.095 0.00815217 0.01 0.650879
0 0.5 0.4275 0.00905797 0.0125 0.654785
0 0.846014 0.784375 0.00724638 0.01125 0.667969
0 0.365489 0.844375 0.00815217 0.01125 0.670898
0 0.359149 0.63625 0.00815217 0.01 0.676758
0 0.59058 0.0725 0.00724638 0.01 0.679199
0 0.593297 0.37125 0.00905797 0.0125 0.681641
0 0.365489 0.430625 0.00815217 0.01125 0.681641
0 0.717844 0.608125 0.00815217 0.01125 0.683105
0 0.269022 0.265 0.00724638 0.01 0.683594
0 0.725996 0.825 0.00815217 0.01 0.684082
0 0.749094 0.3075 0.00724638 0.01 0.68457
0 0.34375 0.69875 0.00815217 0.0125 0.689453
0 0.333333 0.074375 0.00724638 0.01125 0.693359
0 0.959239 0.355 0.00724638 0.01 0.693848
0 0.714221 0.336875 0.00815217 0.01125 0.70166
0 0.698822 0.57625 0.00815217 0.0125 0.703613
0 0.689764 0.373125 0.00815217 0.01125 0.712402
0 0.797101 0.243125 0.00724638 0.00875 0.714355
0 0.396739 0.41625 0.00905797 0.0125 0.731445
0 0.547554 0.34125 0.00815217 0.0125 0.736328
