0 0.92663 0.474375 0.00724638 0.01125 0.512695
0 0.868659 0.580625 0.00724638 0.01125 0.519531
0 0.732337 0.733125 0.00815217 0.01125 0.584961
0 0.658062 0.864375 0.00815217 0.01125 0.603027
0 0.15942 0.401875 0.00724638 0.01125 0.614258
0 0.965127 0.374375 0.00815217 0.01125 0.632324
0 0.388134 0.40375 0.00815217 0.0125 0.661621
0 0.814764 0.683125 0.00815217 0.01125 0.677246
0 0.387228 0.804375 0.00815217 0.01125 0.677246
0 0.569293 0.969375 0.00815217 0.01125 0.678711
0 0.913949 0.799375 0.00724638 0.01125 0.690918
0 0.649004 0.1875 0.00815217 0.01 0.696777
0 0.429348 0.788125 0.00724638 0.01125 0.700684
0 0.695652 0.356875 0.00724638 0.01125 0.708008
0 0.758605 0.078125 0.00634058 0.01125 0.714355
0 0.720562 0.311875 0.00815217 0.01125 0.722656
